# Force and moment coefficients
# dragDir     : (1.000000e+00 0.000000e+00 0.000000e+00)
# sideDir     : (0.000000e+00 0.000000e+00 -1.000000e+00)
# liftDir     : (0.000000e+00 1.000000e+00 0.000000e+00)
# rollAxis    : (1.000000e+00 0.000000e+00 0.000000e+00)
# pitchAxis   : (0.000000e+00 0.000000e+00 -1.000000e+00)
# yawAxis     : (0.000000e+00 1.000000e+00 0.000000e+00)
# magUInf     : 1.000000e+00
# lRef        : 1.000000e-01
# Aref        : 1.000000e-01
# CofR        : (2.000000e-01 2.000000e-01 5.000000e-01)
#
# Time        	Cd            	Cd(f)         	Cd(r)         	Cl            	Cl(f)         	Cl(r)         	CmPitch       	CmRoll        	CmYaw         	Cs            	Cs(f)         	Cs(r)         
0.01          	3.241832e+03	1.620916e+03	1.620916e+03	9.518818e+01	1.539420e+05	-1.538469e+05	1.538945e+05	7.367339e-12	6.070128e-12	-3.326422e-15	6.068465e-12	-6.071792e-12
0.02          	-2.646811e+01	-1.323405e+01	-1.323405e+01	-5.780808e+01	-2.589081e+02	2.011000e+02	-2.300040e+02	-4.125894e-14	-3.854935e-14	3.453490e-17	-3.853208e-14	3.856661e-14
0.03          	-6.118702e+00	-3.059351e+00	-3.059351e+00	-6.455253e+00	-1.808148e+02	1.743595e+02	-1.775872e+02	-2.510645e-14	-2.142212e-14	1.982253e-17	-2.141221e-14	2.143203e-14
0.04          	-2.362829e+00	-1.181414e+00	-1.181414e+00	-3.950941e+00	-4.435824e+01	4.040730e+01	-4.238277e+01	-1.901435e-14	-1.626384e-14	1.628911e-17	-1.625570e-14	1.627199e-14
0.05          	4.645494e-02	2.322747e-02	2.322747e-02	-2.958632e+00	5.392394e+01	-5.688257e+01	5.540326e+01	-1.540999e-14	-1.313810e-14	1.428593e-17	-1.313096e-14	1.314524e-14
0.06          	1.977474e+00	9.887368e-01	9.887368e-01	-2.509028e+00	1.387482e+02	-1.412572e+02	1.400027e+02	-1.295772e-14	-1.099642e-14	1.296480e-17	-1.098994e-14	1.100291e-14
0.07          	3.495366e+00	1.747683e+00	1.747683e+00	-2.280870e+00	2.076188e+02	-2.098997e+02	2.087592e+02	-1.114327e-14	-9.417153e-15	1.199224e-17	-9.411157e-15	9.423149e-15
0.08          	4.695071e+00	2.347535e+00	2.347535e+00	-2.117648e+00	2.623536e+02	-2.644713e+02	2.634125e+02	-9.768031e-15	-8.216147e-15	1.125907e-17	-8.210517e-15	8.221776e-15
0.09          	5.685422e+00	2.842711e+00	2.842711e+00	-1.991641e+00	3.076914e+02	-3.096830e+02	3.086872e+02	-8.691931e-15	-7.276227e-15	1.068778e-17	-7.270884e-15	7.281571e-15
0.1           	6.509524e+00	3.254762e+00	3.254762e+00	-1.870639e+00	3.451373e+02	-3.470079e+02	3.460726e+02	-7.831940e-15	-6.525595e-15	1.022821e-17	-6.520481e-15	6.530710e-15
0.11          	7.206164e+00	3.603082e+00	3.603082e+00	-1.758012e+00	3.766118e+02	-3.783698e+02	3.774908e+02	-7.131738e-15	-5.912457e-15	9.848610e-18	-5.907533e-15	5.917382e-15
0.12          	7.683249e+00	3.841624e+00	3.841624e+00	-1.676203e+00	3.980873e+02	-3.997635e+02	3.989254e+02	-6.554869e-15	-5.417761e-15	9.531603e-18	-5.412995e-15	5.422527e-15
0.13          	8.030099e+00	4.015050e+00	4.015050e+00	-1.589347e+00	4.132234e+02	-4.148127e+02	4.140180e+02	-6.075473e-15	-5.011745e-15	9.264189e-18	-5.007113e-15	5.016377e-15
0.14          	8.302483e+00	4.151242e+00	4.151242e+00	-1.478916e+00	4.243725e+02	-4.258514e+02	4.251120e+02	-5.675206e-15	-4.673442e-15	9.036447e-18	-4.668924e-15	4.677960e-15
0.15          	8.487091e+00	4.243546e+00	4.243546e+00	-1.386518e+00	4.316239e+02	-4.330104e+02	4.323171e+02	-5.330110e-15	-4.388652e-15	8.832516e-18	-4.384235e-15	4.393068e-15
0.16          	8.602362e+00	4.301181e+00	4.301181e+00	-1.308651e+00	4.358011e+02	-4.371097e+02	4.364554e+02	-5.031725e-15	-4.147022e-15	8.647758e-18	-4.142698e-15	4.151346e-15
0.17          	8.655754e+00	4.327877e+00	4.327877e+00	-1.184483e+00	4.361976e+02	-4.373821e+02	4.367898e+02	-4.794565e-15	-3.947898e-15	8.495321e-18	-3.943650e-15	3.952146e-15
0.18          	8.609108e+00	4.304554e+00	4.304554e+00	-1.117729e+00	4.327968e+02	-4.339146e+02	4.333557e+02	-4.583879e-15	-3.780177e-15	8.350246e-18	-3.776002e-15	3.784352e-15
0.19          	8.531344e+00	4.265672e+00	4.265672e+00	-1.059162e+00	4.280454e+02	-4.291045e+02	4.285750e+02	-4.402727e-15	-3.636366e-15	8.217356e-18	-3.632257e-15	3.640475e-15
0.2           	8.456055e+00	4.228027e+00	4.228027e+00	-9.955546e-01	4.233242e+02	-4.243197e+02	4.238219e+02	-4.248252e-15	-3.510753e-15	8.097306e-18	-3.506704e-15	3.514801e-15
0.21          	8.379150e+00	4.189575e+00	4.189575e+00	-9.331335e-01	4.185458e+02	-4.194789e+02	4.190124e+02	-4.117800e-15	-3.401741e-15	7.989043e-18	-3.397746e-15	3.405735e-15
0.22          	8.310065e+00	4.155033e+00	4.155033e+00	-8.735427e-01	4.141920e+02	-4.150655e+02	4.146287e+02	-4.010068e-15	-3.307616e-15	7.893501e-18	-3.303669e-15	3.311563e-15
0.23          	8.262016e+00	4.131008e+00	4.131008e+00	-8.574915e-01	4.116094e+02	-4.124669e+02	4.120382e+02	-3.935759e-15	-3.237132e-15	7.824100e-18	-3.233220e-15	3.241044e-15
0.24          	8.233036e+00	4.116518e+00	4.116518e+00	-8.487038e-01	4.100689e+02	-4.109176e+02	4.104933e+02	-3.878449e-15	-3.176719e-15	7.766015e-18	-3.172836e-15	3.180602e-15
0.25          	8.220082e+00	4.110041e+00	4.110041e+00	-8.014492e-01	4.086241e+02	-4.094255e+02	4.090248e+02	-3.818260e-15	-3.110247e-15	7.701110e-18	-3.106396e-15	3.114097e-15
0.26          	8.224926e+00	4.112463e+00	4.112463e+00	-7.537603e-01	4.080256e+02	-4.087794e+02	4.084025e+02	-3.767297e-15	-3.048745e-15	7.642308e-18	-3.044924e-15	3.052566e-15
0.27          	8.205232e+00	4.102616e+00	4.102616e+00	-6.716491e-01	4.056466e+02	-4.063182e+02	4.059824e+02	-3.737986e-15	-3.003230e-15	7.591038e-18	-2.999434e-15	3.007025e-15
0.28          	8.191439e+00	4.095720e+00	4.095720e+00	-5.857922e-01	4.034849e+02	-4.040707e+02	4.037778e+02	-3.714589e-15	-2.960638e-15	7.542076e-18	-2.956867e-15	2.964409e-15
0.29          	8.215713e+00	4.107857e+00	4.107857e+00	-5.249968e-01	4.035889e+02	-4.041138e+02	4.038513e+02	-3.681494e-15	-2.908593e-15	7.491178e-18	-2.904847e-15	2.912339e-15
0.3           	8.243160e+00	4.121580e+00	4.121580e+00	-4.532348e-01	4.036530e+02	-4.041063e+02	4.038796e+02	-3.653245e-15	-2.858081e-15	7.444008e-18	-2.854359e-15	2.861803e-15
0.31          	8.264177e+00	4.132088e+00	4.132088e+00	-3.442339e-01	4.027567e+02	-4.031009e+02	4.029288e+02	-3.639969e-15	-2.812653e-15	7.408106e-18	-2.808949e-15	2.816357e-15
0.32          	8.293652e+00	4.146826e+00	4.146826e+00	-2.454165e-01	4.024446e+02	-4.026901e+02	4.025673e+02	-3.620054e-15	-2.763561e-15	7.366833e-18	-2.759877e-15	2.767244e-15
0.33          	8.341545e+00	4.170773e+00	4.170773e+00	-1.320074e-01	4.027613e+02	-4.028933e+02	4.028273e+02	-3.596426e-15	-2.709661e-15	7.322087e-18	-2.706000e-15	2.713322e-15
0.34          	8.310235e+00	4.155117e+00	4.155117e+00	-1.051794e-01	4.007915e+02	-4.008967e+02	4.008441e+02	-3.582356e-15	-2.672196e-15	7.285550e-18	-2.668553e-15	2.675839e-15
0.35          	8.259023e+00	4.129511e+00	4.129511e+00	-9.058157e-02	3.980806e+02	-3.981712e+02	3.981259e+02	-3.571003e-15	-2.638491e-15	7.250698e-18	-2.634866e-15	2.642117e-15
0.36          	8.138369e+00	4.069185e+00	4.069185e+00	-4.294004e-02	3.914585e+02	-3.915014e+02	3.914800e+02	-3.591663e-15	-2.626405e-15	7.239290e-18	-2.622786e-15	2.630025e-15
0.37          	8.154791e+00	4.077396e+00	4.077396e+00	3.038071e-02	3.909668e+02	-3.909364e+02	3.909516e+02	-3.567997e-15	-2.577564e-15	7.192967e-18	-2.573968e-15	2.581161e-15
0.38          	8.161242e+00	4.080621e+00	4.080621e+00	7.058947e-02	3.905761e+02	-3.905055e+02	3.905408e+02	-3.546393e-15	-2.529222e-15	7.148254e-18	-2.525648e-15	2.532796e-15
0.39          	8.145472e+00	4.072736e+00	4.072736e+00	4.378880e-02	3.902917e+02	-3.902479e+02	3.902698e+02	-3.525904e-15	-2.481347e-15	7.104331e-18	-2.477795e-15	2.484899e-15
0.4           	8.154952e+00	4.077476e+00	4.077476e+00	1.013275e-01	3.897435e+02	-3.896422e+02	3.896929e+02	-3.502260e-15	-2.429695e-15	7.050754e-18	-2.426170e-15	2.433220e-15
0.41          	8.170500e+00	4.085250e+00	4.085250e+00	1.729532e-01	3.892402e+02	-3.890673e+02	3.891537e+02	-3.481551e-15	-2.380361e-15	6.997295e-18	-2.376863e-15	2.383860e-15
0.42          	8.192678e+00	4.096339e+00	4.096339e+00	1.891699e-01	3.900249e+02	-3.898358e+02	3.899304e+02	-3.451306e-15	-2.328146e-15	6.935323e-18	-2.324679e-15	2.331614e-15
0.43          	8.196219e+00	4.098110e+00	4.098110e+00	1.613678e-01	3.906856e+02	-3.905242e+02	3.906049e+02	-3.430823e-15	-2.285929e-15	6.881852e-18	-2.282488e-15	2.289370e-15
0.44          	8.199426e+00	4.099713e+00	4.099713e+00	1.762897e-01	3.905827e+02	-3.904064e+02	3.904945e+02	-3.419938e-15	-2.249781e-15	6.830241e-18	-2.246366e-15	2.253197e-15
0.45          	8.193470e+00	4.096735e+00	4.096735e+00	1.742796e-01	3.903364e+02	-3.901621e+02	3.902493e+02	-3.413098e-15	-2.214448e-15	6.776263e-18	-2.211060e-15	2.217836e-15
0.46          	8.186682e+00	4.093341e+00	4.093341e+00	1.790194e-01	3.899322e+02	-3.897532e+02	3.898427e+02	-3.408101e-15	-2.179481e-15	6.719462e-18	-2.176121e-15	2.182841e-15
0.47          	8.195519e+00	4.097760e+00	4.097760e+00	2.020297e-01	3.899584e+02	-3.897564e+02	3.898574e+02	-3.407901e-15	-2.147960e-15	6.662249e-18	-2.144629e-15	2.151291e-15
0.48          	8.207798e+00	4.103899e+00	4.103899e+00	2.348386e-01	3.899785e+02	-3.897436e+02	3.898610e+02	-3.409855e-15	-2.117249e-15	6.603116e-18	-2.113947e-15	2.120550e-15
0.49          	8.231664e+00	4.115832e+00	4.115832e+00	2.619062e-01	3.906552e+02	-3.903933e+02	3.905243e+02	-3.416135e-15	-2.088731e-15	6.543331e-18	-2.085459e-15	2.092003e-15
0.5           	8.257686e+00	4.128843e+00	4.128843e+00	2.926673e-01	3.913709e+02	-3.910783e+02	3.912246e+02	-3.425794e-15	-2.062059e-15	6.482448e-18	-2.058818e-15	2.065300e-15
0.51          	8.285182e+00	4.142591e+00	4.142591e+00	3.268733e-01	3.920972e+02	-3.917704e+02	3.919338e+02	-3.438562e-15	-2.037096e-15	6.420723e-18	-2.033886e-15	2.040306e-15
0.52          	8.313964e+00	4.156982e+00	4.156982e+00	3.630765e-01	3.928503e+02	-3.924873e+02	3.926688e+02	-3.453725e-15	-2.013273e-15	6.358382e-18	-2.010094e-15	2.016452e-15
0.53          	8.343720e+00	4.171860e+00	4.171860e+00	3.741278e-01	3.940905e+02	-3.937163e+02	3.939034e+02	-3.465047e-15	-1.987083e-15	6.291933e-18	-1.983937e-15	1.990229e-15
0.54          	8.377551e+00	4.188776e+00	4.188776e+00	4.193531e-01	3.949283e+02	-3.945089e+02	3.947186e+02	-3.482714e-15	-1.963676e-15	6.229015e-18	-1.960562e-15	1.966791e-15
0.55          	8.419733e+00	4.209866e+00	4.209866e+00	4.564409e-01	3.963093e+02	-3.958529e+02	3.960811e+02	-3.498808e-15	-1.937782e-15	6.164637e-18	-1.934700e-15	1.940865e-15
0.56          	8.467662e+00	4.233831e+00	4.233831e+00	4.910040e-01	3.980105e+02	-3.975195e+02	3.977650e+02	-3.513294e-15	-1.909015e-15	6.098722e-18	-1.905966e-15	1.912065e-15
0.57          	8.518868e+00	4.259434e+00	4.259434e+00	5.021180e-01	4.002794e+02	-3.997773e+02	4.000283e+02	-3.523638e-15	-1.883573e-15	6.035047e-18	-1.880556e-15	1.886591e-15
0.58          	8.573352e+00	4.286676e+00	4.286676e+00	5.101140e-01	4.027603e+02	-4.022501e+02	4.025052e+02	-3.533854e-15	-1.856930e-15	5.968878e-18	-1.853945e-15	1.859914e-15
0.59          	8.632831e+00	4.316416e+00	4.316416e+00	4.989279e-01	4.058166e+02	-4.053177e+02	4.055671e+02	-3.539876e-15	-1.832279e-15	5.902356e-18	-1.829327e-15	1.835230e-15
0.6           	8.687851e+00	4.343925e+00	4.343925e+00	5.139566e-01	4.082002e+02	-4.076862e+02	4.079432e+02	-3.546314e-15	-1.799875e-15	5.832905e-18	-1.796958e-15	1.802791e-15
0.61          	8.741461e+00	4.370730e+00	4.370730e+00	5.342662e-01	4.104237e+02	-4.098894e+02	4.101566e+02	-3.550864e-15	-1.764762e-15	5.764733e-18	-1.761880e-15	1.767645e-15
0.62          	8.786604e+00	4.393302e+00	4.393302e+00	5.712156e-01	4.119496e+02	-4.113784e+02	4.116640e+02	-3.554260e-15	-1.726828e-15	5.697350e-18	-1.723979e-15	1.729676e-15
0.63          	8.829148e+00	4.414574e+00	4.414574e+00	5.414163e-01	4.145188e+02	-4.139774e+02	4.142481e+02	-3.550383e-15	-1.685710e-15	5.634959e-18	-1.682892e-15	1.688527e-15
0.64          	8.905829e+00	4.452914e+00	4.452914e+00	4.567054e-01	4.196875e+02	-4.192308e+02	4.194592e+02	-3.544085e-15	-1.624483e-15	5.573708e-18	-1.621696e-15	1.627269e-15
0.65          	8.914647e+00	4.457324e+00	4.457324e+00	4.538506e-01	4.201664e+02	-4.197125e+02	4.199394e+02	-3.519434e-15	-1.640555e-15	5.493025e-18	-1.637809e-15	1.643302e-15
0.66          	8.937792e+00	4.468896e+00	4.468896e+00	4.787877e-01	4.208464e+02	-4.203676e+02	4.206070e+02	-3.511156e-15	-1.605297e-15	5.453932e-18	-1.602570e-15	1.608024e-15
0.67          	8.969441e+00	4.484720e+00	4.484720e+00	4.961888e-01	4.220664e+02	-4.215703e+02	4.218183e+02	-3.501390e-15	-1.566358e-15	5.399579e-18	-1.563658e-15	1.569058e-15
0.68          	9.045083e+00	4.522541e+00	4.522541e+00	4.955562e-01	4.257137e+02	-4.252181e+02	4.254659e+02	-3.491744e-15	-1.528930e-15	5.321438e-18	-1.526269e-15	1.531591e-15
0.69          	9.137028e+00	4.568514e+00	4.568514e+00	4.908384e-01	4.302149e+02	-4.297241e+02	4.299695e+02	-3.479495e-15	-1.499164e-15	5.201325e-18	-1.496563e-15	1.501764e-15
0.7           	9.169762e+00	4.584881e+00	4.584881e+00	6.271303e-01	4.294062e+02	-4.287791e+02	4.290927e+02	-3.459608e-15	-1.430181e-15	5.249196e-18	-1.427556e-15	1.432805e-15
0.71          	9.195084e+00	4.597542e+00	4.597542e+00	7.214798e-01	4.289756e+02	-4.282541e+02	4.286149e+02	-3.470458e-15	-1.405101e-15	5.220266e-18	-1.402491e-15	1.407711e-15
0.72          	9.271943e+00	4.635972e+00	4.635972e+00	8.847383e-01	4.298127e+02	-4.289280e+02	4.293704e+02	-3.476080e-15	-1.369978e-15	5.175695e-18	-1.367390e-15	1.372566e-15
0.73          	9.378591e+00	4.689296e+00	4.689296e+00	9.726772e-01	4.333977e+02	-4.324250e+02	4.329114e+02	-3.463896e-15	-1.320112e-15	5.126656e-18	-1.317549e-15	1.322676e-15
0.74          	9.371502e+00	4.685751e+00	4.685751e+00	9.645821e-01	4.332040e+02	-4.322394e+02	4.327217e+02	-3.477597e-15	-1.319178e-15	5.105417e-18	-1.316625e-15	1.321731e-15
0.75          	9.405946e+00	4.702973e+00	4.702973e+00	9.294992e-01	4.354760e+02	-4.345465e+02	4.350113e+02	-3.497310e-15	-1.308915e-15	5.098971e-18	-1.306366e-15	1.311465e-15
0.76          	9.461441e+00	4.730721e+00	4.730721e+00	9.537110e-01	4.377209e+02	-4.367672e+02	4.372441e+02	-3.488649e-15	-1.286209e-15	5.067196e-18	-1.283676e-15	1.288743e-15
0.77          	9.505255e+00	4.752628e+00	4.752628e+00	9.994007e-01	4.390292e+02	-4.380298e+02	4.385295e+02	-3.484866e-15	-1.255207e-15	5.034204e-18	-1.252690e-15	1.257724e-15
0.78          	9.560737e+00	4.780369e+00	4.780369e+00	1.053471e+00	4.407509e+02	-4.396974e+02	4.402241e+02	-3.482812e-15	-1.224779e-15	5.002824e-18	-1.222277e-15	1.227280e-15
0.79          	9.610065e+00	4.805033e+00	4.805033e+00	1.116165e+00	4.420262e+02	-4.409100e+02	4.414681e+02	-3.482210e-15	-1.196134e-15	4.973327e-18	-1.193648e-15	1.198621e-15
0.8           	9.720186e+00	4.860093e+00	4.860093e+00	1.206983e+00	4.457274e+02	-4.445204e+02	4.451239e+02	-3.489424e-15	-1.165207e-15	4.943527e-18	-1.162735e-15	1.167678e-15
0.81          	9.774947e+00	4.887474e+00	4.887474e+00	1.257802e+00	4.474712e+02	-4.462134e+02	4.468423e+02	-3.506624e-15	-1.148321e-15	4.919945e-18	-1.145861e-15	1.150781e-15
0.82          	9.851466e+00	4.925733e+00	4.925733e+00	1.326838e+00	4.499406e+02	-4.486137e+02	4.492772e+02	-3.527986e-15	-1.132101e-15	4.898890e-18	-1.129651e-15	1.134550e-15
0.83          	9.886484e+00	4.943242e+00	4.943242e+00	1.406356e+00	4.502344e+02	-4.488281e+02	4.495312e+02	-3.535402e-15	-1.112481e-15	4.873016e-18	-1.110045e-15	1.114918e-15
0.84          	9.898582e+00	4.949291e+00	4.949291e+00	1.489864e+00	4.493582e+02	-4.478684e+02	4.486133e+02	-3.543894e-15	-1.096942e-15	4.846499e-18	-1.094519e-15	1.099366e-15
0.85          	9.903446e+00	4.951723e+00	4.951723e+00	1.540819e+00	4.487045e+02	-4.471636e+02	4.479340e+02	-3.552278e-15	-1.082721e-15	4.821525e-18	-1.080310e-15	1.085131e-15
0.86          	9.906082e+00	4.953041e+00	4.953041e+00	1.624710e+00	4.473673e+02	-4.457426e+02	4.465550e+02	-3.565209e-15	-1.065327e-15	4.795206e-18	-1.062930e-15	1.067725e-15
0.87          	9.931443e+00	4.965722e+00	4.965722e+00	1.608933e+00	4.488651e+02	-4.472562e+02	4.480607e+02	-3.573148e-15	-1.050972e-15	4.742935e-18	-1.048600e-15	1.053343e-15
0.88          	9.961344e+00	4.980672e+00	4.980672e+00	1.597380e+00	4.505069e+02	-4.489095e+02	4.497082e+02	-3.579862e-15	-1.025398e-15	4.663564e-18	-1.023066e-15	1.027730e-15
0.89          	9.871602e+00	4.935801e+00	4.935801e+00	1.638419e+00	4.454854e+02	-4.438469e+02	4.446662e+02	-3.566097e-15	-1.048129e-15	4.566227e-18	-1.045846e-15	1.050412e-15
0.9           	9.913310e+00	4.956655e+00	4.956655e+00	1.668120e+00	4.469717e+02	-4.453036e+02	4.461376e+02	-3.575560e-15	-1.055050e-15	4.599487e-18	-1.052750e-15	1.057350e-15
0.91          	9.896329e+00	4.948165e+00	4.948165e+00	1.744173e+00	4.448297e+02	-4.430855e+02	4.439576e+02	-3.580700e-15	-1.045007e-15	4.575494e-18	-1.042719e-15	1.047294e-15
0.92          	9.852959e+00	4.926480e+00	4.926480e+00	1.793639e+00	4.418861e+02	-4.400924e+02	4.409892e+02	-3.582363e-15	-1.043389e-15	4.533649e-18	-1.041122e-15	1.045656e-15
0.93          	9.810235e+00	4.905117e+00	4.905117e+00	1.840206e+00	4.390240e+02	-4.371838e+02	4.381039e+02	-3.584509e-15	-1.043814e-15	4.485735e-18	-1.041571e-15	1.046057e-15
0.94          	9.794358e+00	4.897179e+00	4.897179e+00	1.852475e+00	4.380507e+02	-4.361982e+02	4.371244e+02	-3.600702e-15	-1.056068e-15	4.462273e-18	-1.053836e-15	1.058299e-15
0.95          	9.775352e+00	4.887676e+00	4.887676e+00	1.851609e+00	4.371567e+02	-4.353051e+02	4.362309e+02	-3.616633e-15	-1.070073e-15	4.439204e-18	-1.067854e-15	1.072293e-15
0.96          	9.733322e+00	4.866661e+00	4.866661e+00	1.852955e+00	4.351186e+02	-4.332657e+02	4.341921e+02	-3.622042e-15	-1.078295e-15	4.400021e-18	-1.076095e-15	1.080495e-15
0.97          	9.685564e+00	4.842782e+00	4.842782e+00	1.864674e+00	4.326238e+02	-4.307591e+02	4.316915e+02	-3.623098e-15	-1.081647e-15	4.355510e-18	-1.079469e-15	1.083825e-15
0.98          	9.641349e+00	4.820674e+00	4.820674e+00	1.863479e+00	4.305248e+02	-4.286613e+02	4.295931e+02	-3.624190e-15	-1.086908e-15	4.310175e-18	-1.084752e-15	1.089063e-15
0.99          	9.607733e+00	4.803866e+00	4.803866e+00	1.864461e+00	4.288962e+02	-4.270317e+02	4.279640e+02	-3.625844e-15	-1.091523e-15	4.263934e-18	-1.089391e-15	1.093655e-15
1             	9.561259e+00	4.780629e+00	4.780629e+00	1.836936e+00	4.271491e+02	-4.253121e+02	4.262306e+02	-3.623113e-15	-1.097675e-15	4.216493e-18	-1.095567e-15	1.099783e-15
1.01          	9.523898e+00	4.761949e+00	4.761949e+00	1.811536e+00	4.258020e+02	-4.239905e+02	4.248962e+02	-3.618057e-15	-1.101051e-15	4.167633e-18	-1.098967e-15	1.103135e-15
1.02          	9.492019e+00	4.746010e+00	4.746010e+00	1.804801e+00	4.243912e+02	-4.225864e+02	4.234888e+02	-3.622848e-15	-1.106348e-15	4.128070e-18	-1.104284e-15	1.108412e-15
1.03          	9.477755e+00	4.738878e+00	4.738878e+00	1.760642e+00	4.244806e+02	-4.227199e+02	4.236003e+02	-3.629731e-15	-1.114176e-15	4.087700e-18	-1.112133e-15	1.116220e-15
1.04          	9.490377e+00	4.745189e+00	4.745189e+00	1.684848e+00	4.264140e+02	-4.247291e+02	4.255715e+02	-3.632461e-15	-1.111462e-15	4.048625e-18	-1.109438e-15	1.113487e-15
1.05          	9.461523e+00	4.730761e+00	4.730761e+00	1.662648e+00	4.254184e+02	-4.237558e+02	4.245871e+02	-3.635958e-15	-1.127326e-15	3.998712e-18	-1.125326e-15	1.129325e-15
1.06          	9.430300e+00	4.715150e+00	4.715150e+00	1.619846e+00	4.246696e+02	-4.230497e+02	4.238596e+02	-3.630990e-15	-1.137433e-15	3.952612e-18	-1.135456e-15	1.139409e-15
1.07          	9.438959e+00	4.719479e+00	4.719479e+00	1.561776e+00	4.261021e+02	-4.245403e+02	4.253212e+02	-3.626028e-15	-1.134858e-15	3.905456e-18	-1.132906e-15	1.136811e-15
1.08          	9.458656e+00	4.729328e+00	4.729328e+00	1.502857e+00	4.280792e+02	-4.265763e+02	4.273277e+02	-3.617760e-15	-1.128604e-15	3.858421e-18	-1.126674e-15	1.130533e-15
1.09          	9.496304e+00	4.748152e+00	4.748152e+00	1.466255e+00	4.305272e+02	-4.290610e+02	4.297941e+02	-3.609635e-15	-1.121832e-15	3.804021e-18	-1.119930e-15	1.123734e-15
1.1           	9.551359e+00	4.775680e+00	4.775680e+00	1.399717e+00	4.343346e+02	-4.329349e+02	4.336347e+02	-3.601225e-15	-1.108626e-15	3.753908e-18	-1.106749e-15	1.110503e-15
1.11          	9.605024e+00	4.802512e+00	4.802512e+00	1.318132e+00	4.383385e+02	-4.370203e+02	4.376794e+02	-3.589152e-15	-1.094601e-15	3.708713e-18	-1.092747e-15	1.096456e-15
1.12          	9.701636e+00	4.850818e+00	4.850818e+00	1.167805e+00	4.456067e+02	-4.444389e+02	4.450228e+02	-3.571513e-15	-1.082616e-15	3.671774e-18	-1.080781e-15	1.084452e-15
1.13          	9.767622e+00	4.883811e+00	4.883811e+00	1.098215e+00	4.499919e+02	-4.488937e+02	4.494428e+02	-3.559051e-15	-1.069258e-15	3.633871e-18	-1.067441e-15	1.071075e-15
1.14          	9.845479e+00	4.922739e+00	4.922739e+00	1.053914e+00	4.545043e+02	-4.534504e+02	4.539774e+02	-3.553153e-15	-1.054755e-15	3.598989e-18	-1.052956e-15	1.056555e-15
1.15          	9.868939e+00	4.934470e+00	4.934470e+00	1.026856e+00	4.561039e+02	-4.550770e+02	4.555905e+02	-3.543871e-15	-1.049264e-15	3.569125e-18	-1.047479e-15	1.051048e-15
1.16          	9.905691e+00	4.952845e+00	4.952845e+00	9.615361e-01	4.590109e+02	-4.580494e+02	4.585301e+02	-3.529131e-15	-1.036998e-15	3.535368e-18	-1.035231e-15	1.038766e-15
1.17          	9.993553e+00	4.996777e+00	4.996777e+00	8.794674e-01	4.646643e+02	-4.637849e+02	4.642246e+02	-3.517083e-15	-1.018436e-15	3.503799e-18	-1.016684e-15	1.020188e-15
1.18          	1.007138e+01	5.035688e+00	5.035688e+00	8.049303e-01	4.697040e+02	-4.688991e+02	4.693015e+02	-3.504827e-15	-9.986337e-16	3.475194e-18	-9.968961e-16	1.000371e-15
1.19          	1.013256e+01	5.066282e+00	5.066282e+00	7.463143e-01	4.736666e+02	-4.729203e+02	4.732935e+02	-3.494277e-15	-9.780598e-16	3.443636e-18	-9.763380e-16	9.797816e-16
1.2           	1.020095e+01	5.100476e+00	5.100476e+00	6.718245e-01	4.782525e+02	-4.775807e+02	4.779166e+02	-3.482898e-15	-9.577108e-16	3.414096e-18	-9.560038e-16	9.594179e-16
1.21          	1.028213e+01	5.141066e+00	5.141066e+00	6.024214e-01	4.833634e+02	-4.827610e+02	4.830622e+02	-3.469958e-15	-9.343478e-16	3.385237e-18	-9.326552e-16	9.360404e-16
1.22          	1.043260e+01	5.216300e+00	5.216300e+00	5.335518e-01	4.917908e+02	-4.912573e+02	4.915240e+02	-3.448882e-15	-9.000439e-16	3.360993e-18	-8.983634e-16	9.017244e-16
1.23          	1.052453e+01	5.262265e+00	5.262265e+00	5.287323e-01	4.962874e+02	-4.957587e+02	4.960231e+02	-3.435521e-15	-8.702762e-16	3.333382e-18	-8.686095e-16	8.719429e-16
1.24          	1.060016e+01	5.300081e+00	5.300081e+00	5.451488e-01	4.996300e+02	-4.990849e+02	4.993575e+02	-3.427097e-15	-8.435326e-16	3.303595e-18	-8.418808e-16	8.451844e-16
1.25          	1.073757e+01	5.368783e+00	5.368783e+00	5.462272e-01	5.062061e+02	-5.056599e+02	5.059330e+02	-3.407588e-15	-8.048188e-16	3.280973e-18	-8.031783e-16	8.064593e-16
1.26          	1.078943e+01	5.394715e+00	5.394715e+00	5.195948e-01	5.091612e+02	-5.086416e+02	5.089014e+02	-3.394381e-15	-7.786012e-16	3.260599e-18	-7.769709e-16	7.802315e-16
1.27          	1.081115e+01	5.405576e+00	5.405576e+00	5.007360e-01	5.105333e+02	-5.100326e+02	5.102829e+02	-3.391113e-15	-7.578454e-16	3.236399e-18	-7.562272e-16	7.594636e-16
1.28          	1.090505e+01	5.452526e+00	5.452526e+00	4.795380e-01	5.154109e+02	-5.149313e+02	5.151711e+02	-3.380723e-15	-7.230064e-16	3.215946e-18	-7.213984e-16	7.246143e-16
1.29          	1.100597e+01	5.502987e+00	5.502987e+00	4.168472e-01	5.213516e+02	-5.209347e+02	5.211431e+02	-3.373566e-15	-6.936418e-16	3.210017e-18	-6.920368e-16	6.952468e-16
1.3           	1.105612e+01	5.528059e+00	5.528059e+00	3.699839e-01	5.245778e+02	-5.242078e+02	5.243928e+02	-3.363329e-15	-6.739392e-16	3.227283e-18	-6.723256e-16	6.755528e-16
1.31          	1.109873e+01	5.549365e+00	5.549365e+00	3.762717e-01	5.265123e+02	-5.261360e+02	5.263241e+02	-3.355536e-15	-6.507542e-16	3.181838e-18	-6.491633e-16	6.523451e-16
1.32          	1.108795e+01	5.543973e+00	5.543973e+00	4.173348e-01	5.252751e+02	-5.248578e+02	5.250664e+02	-3.336884e-15	-6.364812e-16	3.142239e-18	-6.349100e-16	6.380523e-16
1.33          	1.116970e+01	5.584848e+00	5.584848e+00	3.948364e-01	5.295918e+02	-5.291970e+02	5.293944e+02	-3.346211e-15	-6.321584e-16	3.105155e-18	-6.306058e-16	6.337110e-16
1.34          	1.128254e+01	5.641268e+00	5.641268e+00	3.622917e-01	5.355765e+02	-5.352142e+02	5.353953e+02	-3.364783e-15	-6.350032e-16	3.072190e-18	-6.334671e-16	6.365393e-16
1.35          	1.131436e+01	5.657181e+00	5.657181e+00	3.673365e-01	5.370146e+02	-5.366473e+02	5.368310e+02	-3.366203e-15	-6.333346e-16	3.044730e-18	-6.318123e-16	6.348570e-16
1.36          	1.130898e+01	5.654491e+00	5.654491e+00	3.833099e-01	5.364757e+02	-5.360924e+02	5.362840e+02	-3.361834e-15	-6.208161e-16	3.021916e-18	-6.193052e-16	6.223271e-16
1.37          	1.129453e+01	5.647263e+00	5.647263e+00	4.067759e-01	5.353698e+02	-5.349630e+02	5.351664e+02	-3.359542e-15	-6.103679e-16	2.998437e-18	-6.088687e-16	6.118672e-16
1.38          	1.129331e+01	5.646657e+00	5.646657e+00	4.275471e-01	5.349468e+02	-5.345192e+02	5.347330e+02	-3.356033e-15	-5.982370e-16	2.974902e-18	-5.967495e-16	5.997244e-16
1.39          	1.129132e+01	5.645662e+00	5.645662e+00	4.535724e-01	5.343944e+02	-5.339409e+02	5.341677e+02	-3.354423e-15	-5.875923e-16	2.951074e-18	-5.861167e-16	5.890678e-16
1.4           	1.130330e+01	5.651651e+00	5.651651e+00	4.658892e-01	5.347524e+02	-5.342865e+02	5.345194e+02	-3.352110e-15	-5.781108e-16	2.930239e-18	-5.766457e-16	5.795759e-16
1.41          	1.126851e+01	5.634257e+00	5.634257e+00	4.833618e-01	5.327752e+02	-5.322919e+02	5.325336e+02	-3.350323e-15	-5.734205e-16	2.908039e-18	-5.719665e-16	5.748745e-16
1.42          	1.123235e+01	5.616177e+00	5.616177e+00	4.566272e-01	5.315059e+02	-5.310493e+02	5.312776e+02	-3.346766e-15	-5.728044e-16	2.890244e-18	-5.713593e-16	5.742495e-16
1.43          	1.123324e+01	5.616619e+00	5.616619e+00	4.266968e-01	5.320705e+02	-5.316438e+02	5.318572e+02	-3.344996e-15	-5.703306e-16	2.872853e-18	-5.688942e-16	5.717671e-16
1.44          	1.122201e+01	5.611006e+00	5.611006e+00	4.300317e-01	5.314717e+02	-5.310417e+02	5.312567e+02	-3.346233e-15	-5.682636e-16	2.851552e-18	-5.668378e-16	5.696894e-16
1.45          	1.117144e+01	5.585720e+00	5.585720e+00	4.183248e-01	5.292474e+02	-5.288291e+02	5.290383e+02	-3.337996e-15	-5.645961e-16	2.828141e-18	-5.631820e-16	5.660102e-16
1.46          	1.112601e+01	5.563006e+00	5.563006e+00	4.092568e-01	5.272239e+02	-5.268146e+02	5.270192e+02	-3.335074e-15	-5.666944e-16	2.805797e-18	-5.652915e-16	5.680973e-16
1.47          	1.108734e+01	5.543670e+00	5.543670e+00	3.365976e-01	5.266373e+02	-5.263007e+02	5.264690e+02	-3.329614e-15	-5.763389e-16	2.790991e-18	-5.749434e-16	5.777344e-16
1.48          	1.102513e+01	5.512563e+00	5.512563e+00	3.037121e-01	5.242248e+02	-5.239210e+02	5.240729e+02	-3.327453e-15	-5.883476e-16	2.770133e-18	-5.869625e-16	5.897327e-16
1.49          	1.097015e+01	5.485074e+00	5.485074e+00	3.756813e-01	5.203245e+02	-5.199488e+02	5.201367e+02	-3.331151e-15	-5.918876e-16	2.744016e-18	-5.905156e-16	5.932596e-16
1.5           	1.091260e+01	5.456299e+00	5.456299e+00	4.475957e-01	5.163017e+02	-5.158541e+02	5.160779e+02	-3.334595e-15	-5.976646e-16	2.719101e-18	-5.963050e-16	5.990241e-16
1.51          	1.084260e+01	5.421299e+00	5.421299e+00	4.842909e-01	5.122976e+02	-5.118133e+02	5.120554e+02	-3.336510e-15	-6.104827e-16	2.695299e-18	-6.091351e-16	6.118304e-16
1.52          	1.077372e+01	5.386859e+00	5.386859e+00	5.254638e-01	5.082688e+02	-5.077433e+02	5.080060e+02	-3.338635e-15	-6.245018e-16	2.672207e-18	-6.231657e-16	6.258379e-16
1.53          	1.072052e+01	5.360258e+00	5.360258e+00	5.496729e-01	5.052894e+02	-5.047397e+02	5.050146e+02	-3.338707e-15	-6.403866e-16	2.653491e-18	-6.390599e-16	6.417134e-16
1.54          	1.064824e+01	5.324121e+00	5.324121e+00	5.750002e-01	5.013750e+02	-5.008000e+02	5.010875e+02	-3.338482e-15	-6.589141e-16	2.634190e-18	-6.575970e-16	6.602312e-16
1.55          	1.057841e+01	5.289206e+00	5.289206e+00	7.192444e-01	4.954969e+02	-4.947776e+02	4.951372e+02	-3.347639e-15	-6.730598e-16	2.605590e-18	-6.717570e-16	6.743626e-16
1.56          	1.063344e+01	5.316720e+00	5.316720e+00	8.186094e-01	4.963972e+02	-4.955786e+02	4.959879e+02	-3.346895e-15	-6.752100e-16	2.591774e-18	-6.739141e-16	6.765059e-16
1.57          	1.060986e+01	5.304929e+00	5.304929e+00	8.713079e-01	4.943409e+02	-4.934696e+02	4.939053e+02	-3.351047e-15	-6.859281e-16	2.571775e-18	-6.846422e-16	6.872139e-16
1.58          	1.058031e+01	5.290157e+00	5.290157e+00	9.741002e-01	4.911219e+02	-4.901478e+02	4.906348e+02	-3.368650e-15	-7.050063e-16	2.548754e-18	-7.037319e-16	7.062807e-16
1.59          	1.058688e+01	5.293440e+00	5.293440e+00	1.076411e+00	4.896444e+02	-4.885680e+02	4.891062e+02	-3.387494e-15	-7.213895e-16	2.528967e-18	-7.201250e-16	7.226540e-16
1.6           	1.059194e+01	5.295968e+00	5.295968e+00	1.090950e+00	4.896306e+02	-4.885397e+02	4.890852e+02	-3.400782e-15	-7.417161e-16	2.517155e-18	-7.404576e-16	7.429747e-16
1.61          	1.053168e+01	5.265842e+00	5.265842e+00	1.128122e+00	4.860860e+02	-4.849579e+02	4.855220e+02	-3.403378e-15	-7.606154e-16	2.502629e-18	-7.593641e-16	7.618667e-16
1.62          	1.045417e+01	5.227087e+00	5.227087e+00	1.173199e+00	4.815748e+02	-4.804016e+02	4.809882e+02	-3.404255e-15	-7.804780e-16	2.489902e-18	-7.792331e-16	7.817230e-16
1.63          	1.038010e+01	5.190051e+00	5.190051e+00	1.215201e+00	4.772823e+02	-4.760671e+02	4.766747e+02	-3.404669e-15	-7.998945e-16	2.478136e-18	-7.986554e-16	8.011336e-16
1.64          	1.030768e+01	5.153841e+00	5.153841e+00	1.253667e+00	4.731311e+02	-4.718774e+02	4.725043e+02	-3.404025e-15	-8.188734e-16	2.467601e-18	-8.176396e-16	8.201072e-16
1.65          	1.024029e+01	5.120145e+00	5.120145e+00	1.276118e+00	4.695015e+02	-4.682254e+02	4.688635e+02	-3.404466e-15	-8.378786e-16	2.458706e-18	-8.366493e-16	8.391080e-16
1.66          	1.017375e+01	5.086874e+00	5.086874e+00	1.286257e+00	4.661283e+02	-4.648421e+02	4.654852e+02	-3.409466e-15	-8.627559e-16	2.453972e-18	-8.615289e-16	8.639829e-16
1.67          	1.010410e+01	5.052048e+00	5.052048e+00	1.399743e+00	4.607973e+02	-4.593976e+02	4.600974e+02	-3.396389e-15	-8.598192e-16	2.434490e-18	-8.586019e-16	8.610364e-16
1.68          	1.003826e+01	5.019132e+00	5.019132e+00	1.438724e+00	4.569535e+02	-4.555148e+02	4.562341e+02	-3.397400e-15	-8.775097e-16	2.428567e-18	-8.762954e-16	8.787240e-16
1.69          	9.984695e+00	4.992348e+00	4.992348e+00	1.450238e+00	4.541791e+02	-4.527289e+02	4.534540e+02	-3.395639e-15	-8.934428e-16	2.432003e-18	-8.922268e-16	8.946588e-16
1.7           	1.000003e+01	5.000017e+00	5.000017e+00	1.423235e+00	4.553864e+02	-4.539632e+02	4.546748e+02	-3.389989e-15	-9.021747e-16	2.439160e-18	-9.009552e-16	9.033943e-16
1.71          	9.956826e+00	4.978413e+00	4.978413e+00	1.442558e+00	4.529728e+02	-4.515303e+02	4.522515e+02	-3.389182e-15	-9.172737e-16	2.439337e-18	-9.160540e-16	9.184934e-16
1.72          	9.896748e+00	4.948374e+00	4.948374e+00	1.463757e+00	4.497167e+02	-4.482529e+02	4.489848e+02	-3.389373e-15	-9.348299e-16	2.439312e-18	-9.336102e-16	9.360495e-16
1.73          	9.805991e+00	4.902996e+00	4.902996e+00	1.441613e+00	4.457465e+02	-4.443049e+02	4.450257e+02	-3.385343e-15	-9.570484e-16	2.443055e-18	-9.558269e-16	9.582699e-16
1.74          	9.733707e+00	4.866854e+00	4.866854e+00	1.442632e+00	4.422577e+02	-4.408151e+02	4.415364e+02	-3.386145e-15	-9.772337e-16	2.444577e-18	-9.760114e-16	9.784560e-16
1.75          	9.660476e+00	4.830238e+00	4.830238e+00	1.495989e+00	4.378076e+02	-4.363116e+02	4.370596e+02	-3.381950e-15	-9.925349e-16	2.445203e-18	-9.913123e-16	9.937575e-16
1.76          	9.557404e+00	4.778702e+00	4.778702e+00	1.494935e+00	4.328773e+02	-4.313824e+02	4.321298e+02	-3.380147e-15	-1.015377e-15	2.450975e-18	-1.014152e-15	1.016603e-15
1.77          	9.445047e+00	4.722524e+00	4.722524e+00	1.540615e+00	4.266835e+02	-4.251429e+02	4.259132e+02	-3.392276e-15	-1.041597e-15	2.456437e-18	-1.040369e-15	1.042825e-15
1.78          	9.452414e+00	4.726207e+00	4.726207e+00	1.598951e+00	4.260150e+02	-4.244161e+02	4.252155e+02	-3.387393e-15	-1.045054e-15	2.450322e-18	-1.043829e-15	1.046280e-15
1.79          	9.464904e+00	4.732452e+00	4.732452e+00	1.619904e+00	4.262466e+02	-4.246267e+02	4.254367e+02	-3.380782e-15	-1.047436e-15	2.451468e-18	-1.046210e-15	1.048661e-15
1.8           	9.436224e+00	4.718112e+00	4.718112e+00	1.667129e+00	4.240424e+02	-4.223753e+02	4.232088e+02	-3.382236e-15	-1.056547e-15	2.444711e-18	-1.055324e-15	1.057769e-15
1.81          	9.406867e+00	4.703434e+00	4.703434e+00	1.744775e+00	4.212732e+02	-4.195285e+02	4.204009e+02	-3.390151e-15	-1.060365e-15	2.449115e-18	-1.059140e-15	1.061589e-15
1.82          	9.306837e+00	4.653418e+00	4.653418e+00	1.775478e+00	4.159332e+02	-4.141578e+02	4.150455e+02	-3.396361e-15	-1.076493e-15	2.455709e-18	-1.075266e-15	1.077721e-15
1.83          	9.212947e+00	4.606474e+00	4.606474e+00	1.768621e+00	4.115453e+02	-4.097767e+02	4.106610e+02	-3.398670e-15	-1.093738e-15	2.467084e-18	-1.092504e-15	1.094971e-15
1.84          	9.099342e+00	4.549671e+00	4.549671e+00	1.746814e+00	4.064726e+02	-4.047258e+02	4.055992e+02	-3.399299e-15	-1.113778e-15	2.479067e-18	-1.112539e-15	1.115018e-15
1.85          	9.041089e+00	4.520545e+00	4.520545e+00	1.731194e+00	4.039485e+02	-4.022173e+02	4.030829e+02	-3.399825e-15	-1.125416e-15	2.494430e-18	-1.124169e-15	1.126663e-15
1.86          	9.016582e+00	4.508291e+00	4.508291e+00	1.683915e+00	4.035982e+02	-4.019143e+02	4.027563e+02	-3.397496e-15	-1.138342e-15	2.517082e-18	-1.137083e-15	1.139601e-15
1.87          	8.963873e+00	4.481936e+00	4.481936e+00	1.644764e+00	4.017519e+02	-4.001072e+02	4.009295e+02	-3.396691e-15	-1.154516e-15	2.536953e-18	-1.153248e-15	1.155785e-15
1.88          	8.939589e+00	4.469794e+00	4.469794e+00	1.711832e+00	3.994111e+02	-3.976993e+02	3.985552e+02	-3.406115e-15	-1.154710e-15	2.546606e-18	-1.153436e-15	1.155983e-15
1.89          	8.772287e+00	4.386144e+00	4.386144e+00	1.598451e+00	3.933632e+02	-3.917648e+02	3.925640e+02	-3.401215e-15	-1.190996e-15	2.568393e-18	-1.189712e-15	1.192280e-15
1.9           	8.680989e+00	4.340495e+00	4.340495e+00	1.606174e+00	3.888441e+02	-3.872379e+02	3.880410e+02	-3.403448e-15	-1.209486e-15	2.581479e-18	-1.208195e-15	1.210776e-15
1.91          	8.897886e+00	4.448943e+00	4.448943e+00	1.549404e+00	4.002468e+02	-3.986974e+02	3.994721e+02	-3.398288e-15	-1.190542e-15	2.621290e-18	-1.189231e-15	1.191853e-15
1.92          	8.822108e+00	4.411054e+00	4.411054e+00	1.610897e+00	3.955314e+02	-3.939205e+02	3.947260e+02	-3.407564e-15	-1.200289e-15	2.629677e-18	-1.198974e-15	1.201604e-15
1.93          	8.780833e+00	4.390417e+00	4.390417e+00	1.595907e+00	3.938105e+02	-3.922146e+02	3.930125e+02	-3.407330e-15	-1.208303e-15	2.648252e-18	-1.206979e-15	1.209627e-15
1.94          	8.711119e+00	4.355560e+00	4.355560e+00	1.601197e+00	3.903694e+02	-3.887682e+02	3.895688e+02	-3.411657e-15	-1.220705e-15	2.663407e-18	-1.219373e-15	1.222036e-15
1.95          	8.655353e+00	4.327676e+00	4.327676e+00	1.592072e+00	3.878499e+02	-3.862578e+02	3.870538e+02	-3.414358e-15	-1.231111e-15	2.675451e-18	-1.229773e-15	1.232449e-15
1.96          	8.564747e+00	4.282374e+00	4.282374e+00	1.536225e+00	3.844755e+02	-3.829393e+02	3.837074e+02	-3.432211e-15	-1.252323e-15	2.703736e-18	-1.250971e-15	1.253675e-15
1.97          	8.482823e+00	4.241412e+00	4.241412e+00	1.537287e+00	3.805218e+02	-3.789845e+02	3.797531e+02	-3.416110e-15	-1.263475e-15	2.710112e-18	-1.262120e-15	1.264830e-15
1.98          	8.418692e+00	4.209346e+00	4.209346e+00	1.511770e+00	3.778870e+02	-3.763752e+02	3.771311e+02	-3.413555e-15	-1.272229e-15	2.721416e-18	-1.270868e-15	1.273590e-15
1.99          	8.351220e+00	4.175610e+00	4.175610e+00	1.538447e+00	3.741782e+02	-3.726397e+02	3.734090e+02	-3.418860e-15	-1.275679e-15	2.730744e-18	-1.274314e-15	1.277045e-15
2             	8.286148e+00	4.143074e+00	4.143074e+00	1.567714e+00	3.705390e+02	-3.689713e+02	3.697551e+02	-3.417953e-15	-1.273046e-15	2.743539e-18	-1.271674e-15	1.274418e-15
2.01          	8.217003e+00	4.108502e+00	4.108502e+00	1.547606e+00	3.675682e+02	-3.660206e+02	3.667944e+02	-3.416357e-15	-1.278188e-15	2.758762e-18	-1.276808e-15	1.279567e-15
2.02          	8.152544e+00	4.076272e+00	4.076272e+00	1.516576e+00	3.650131e+02	-3.634966e+02	3.642548e+02	-3.414178e-15	-1.283129e-15	2.774206e-18	-1.281742e-15	1.284516e-15
2.03          	8.112977e+00	4.056489e+00	4.056489e+00	1.486507e+00	3.636359e+02	-3.621494e+02	3.628926e+02	-3.412490e-15	-1.282772e-15	2.790224e-18	-1.281377e-15	1.284167e-15
2.04          	8.088746e+00	4.044373e+00	4.044373e+00	1.490365e+00	3.624007e+02	-3.609103e+02	3.616555e+02	-3.414125e-15	-1.276055e-15	2.802628e-18	-1.274654e-15	1.277456e-15
2.05          	8.005226e+00	4.002613e+00	4.002613e+00	1.469074e+00	3.587595e+02	-3.572904e+02	3.580250e+02	-3.407094e-15	-1.278008e-15	2.815634e-18	-1.276600e-15	1.279416e-15
2.06          	8.003261e+00	4.001631e+00	4.001631e+00	1.479496e+00	3.584776e+02	-3.569981e+02	3.577379e+02	-3.406588e-15	-1.281908e-15	2.810330e-18	-1.280502e-15	1.283313e-15
2.07          	8.008978e+00	4.004489e+00	4.004489e+00	1.423348e+00	3.597292e+02	-3.583058e+02	3.590175e+02	-3.397299e-15	-1.298704e-15	2.822298e-18	-1.297293e-15	1.300115e-15
2.08          	8.030093e+00	4.015046e+00	4.015046e+00	1.388345e+00	3.613496e+02	-3.599613e+02	3.606554e+02	-3.385314e-15	-1.312896e-15	2.829675e-18	-1.311482e-15	1.314311e-15
2.09          	8.071835e+00	4.035918e+00	4.035918e+00	1.442509e+00	3.623995e+02	-3.609570e+02	3.616782e+02	-3.384853e-15	-1.320766e-15	2.807137e-18	-1.319363e-15	1.322170e-15
2.1           	8.073098e+00	4.036549e+00	4.036549e+00	1.416096e+00	3.629162e+02	-3.615001e+02	3.622082e+02	-3.372281e-15	-1.313752e-15	2.815537e-18	-1.312344e-15	1.315160e-15
2.11          	8.083765e+00	4.041883e+00	4.041883e+00	1.399327e+00	3.637154e+02	-3.623161e+02	3.630158e+02	-3.359701e-15	-1.303368e-15	2.822467e-18	-1.301957e-15	1.304779e-15
2.12          	8.100963e+00	4.050481e+00	4.050481e+00	1.384581e+00	3.647925e+02	-3.634079e+02	3.641002e+02	-3.346102e-15	-1.291698e-15	2.828518e-18	-1.290284e-15	1.293112e-15
2.13          	8.122172e+00	4.061086e+00	4.061086e+00	1.370037e+00	3.660585e+02	-3.646884e+02	3.653734e+02	-3.330817e-15	-1.278645e-15	2.834845e-18	-1.277228e-15	1.280063e-15
2.14          	8.148958e+00	4.074479e+00	4.074479e+00	1.365665e+00	3.674140e+02	-3.660483e+02	3.667311e+02	-3.315112e-15	-1.262802e-15	2.840518e-18	-1.261382e-15	1.264222e-15
2.15          	8.197370e+00	4.098685e+00	4.098685e+00	1.426677e+00	3.686631e+02	-3.672364e+02	3.679498e+02	-3.301334e-15	-1.240063e-15	2.836380e-18	-1.238644e-15	1.241481e-15
2.16          	8.237670e+00	4.118835e+00	4.118835e+00	1.439366e+00	3.703684e+02	-3.689291e+02	3.696487e+02	-3.283948e-15	-1.220094e-15	2.838262e-18	-1.218675e-15	1.221513e-15
2.17          	8.279626e+00	4.139813e+00	4.139813e+00	1.431867e+00	3.725064e+02	-3.710745e+02	3.717905e+02	-3.265074e-15	-1.201296e-15	2.838783e-18	-1.199877e-15	1.202716e-15
2.18          	8.323787e+00	4.161893e+00	4.161893e+00	1.419634e+00	3.748330e+02	-3.734134e+02	3.741232e+02	-3.244603e-15	-1.181993e-15	2.838667e-18	-1.180573e-15	1.183412e-15
2.19          	8.381006e+00	4.190503e+00	4.190503e+00	1.461597e+00	3.768379e+02	-3.753763e+02	3.761071e+02	-3.230013e-15	-1.156317e-15	2.830221e-18	-1.154902e-15	1.157732e-15
2.2           	8.423590e+00	4.211795e+00	4.211795e+00	1.426886e+00	3.794820e+02	-3.780552e+02	3.787686e+02	-3.207039e-15	-1.138871e-15	2.830621e-18	-1.137456e-15	1.140287e-15
2.21          	8.460716e+00	4.230358e+00	4.230358e+00	1.396902e+00	3.817815e+02	-3.803846e+02	3.810831e+02	-3.183219e-15	-1.120086e-15	2.828118e-18	-1.118671e-15	1.121500e-15
2.22          	8.475285e+00	4.237643e+00	4.237643e+00	1.357605e+00	3.831612e+02	-3.818036e+02	3.824824e+02	-3.161252e-15	-1.104692e-15	2.824189e-18	-1.103280e-15	1.106104e-15
2.23          	8.626447e+00	4.313223e+00	4.313223e+00	1.380998e+00	3.900004e+02	-3.886194e+02	3.893099e+02	-3.126981e-15	-1.066531e-15	2.821077e-18	-1.065120e-15	1.067941e-15
2.24          	8.674240e+00	4.337120e+00	4.337120e+00	1.360546e+00	3.926451e+02	-3.912846e+02	3.919649e+02	-3.102096e-15	-1.045312e-15	2.815197e-18	-1.043905e-15	1.046720e-15
2.25          	8.723776e+00	4.361888e+00	4.361888e+00	1.331382e+00	3.955261e+02	-3.941947e+02	3.948604e+02	-3.077405e-15	-1.021581e-15	2.808138e-18	-1.020177e-15	1.022986e-15
2.26          	8.804896e+00	4.402448e+00	4.402448e+00	1.283581e+00	4.002494e+02	-3.989658e+02	3.996076e+02	-3.050000e-15	-9.938622e-16	2.804227e-18	-9.924601e-16	9.952643e-16
2.27          	8.872624e+00	4.436312e+00	4.436312e+00	1.246553e+00	4.041415e+02	-4.028950e+02	4.035182e+02	-3.023042e-15	-9.684397e-16	2.800466e-18	-9.670395e-16	9.698400e-16
2.28          	8.926428e+00	4.463214e+00	4.463214e+00	1.217075e+00	4.072333e+02	-4.060162e+02	4.066247e+02	-2.996764e-15	-9.444849e-16	2.795075e-18	-9.430873e-16	9.458824e-16
2.29          	8.994518e+00	4.497259e+00	4.497259e+00	1.184460e+00	4.110658e+02	-4.098814e+02	4.104736e+02	-2.965741e-15	-9.162910e-16	2.789874e-18	-9.148960e-16	9.176859e-16
2.3           	9.103364e+00	4.551682e+00	4.551682e+00	1.139656e+00	4.170682e+02	-4.159286e+02	4.164984e+02	-2.928615e-15	-8.815441e-16	2.789389e-18	-8.801494e-16	8.829388e-16
2.31          	9.189766e+00	4.594883e+00	4.594883e+00	1.101145e+00	4.218833e+02	-4.207822e+02	4.213327e+02	-2.902473e-15	-8.568241e-16	2.790061e-18	-8.554291e-16	8.582191e-16
2.32          	9.253130e+00	4.626565e+00	4.626565e+00	1.086143e+00	4.251813e+02	-4.240952e+02	4.246383e+02	-2.873590e-15	-8.300112e-16	2.784684e-18	-8.286189e-16	8.314035e-16
2.33          	9.334242e+00	4.667121e+00	4.667121e+00	1.064873e+00	4.294412e+02	-4.283764e+02	4.289088e+02	-2.837924e-15	-7.975208e-16	2.778745e-18	-7.961314e-16	7.989102e-16
2.34          	9.456597e+00	4.728299e+00	4.728299e+00	1.009150e+00	4.362839e+02	-4.352748e+02	4.357794e+02	-2.799349e-15	-7.614396e-16	2.777685e-18	-7.600507e-16	7.628284e-16
2.35          	9.569394e+00	4.784697e+00	4.784697e+00	9.485901e-01	4.427527e+02	-4.418041e+02	4.422784e+02	-2.772908e-15	-7.357421e-16	2.780004e-18	-7.343521e-16	7.371321e-16
2.36          	9.584690e+00	4.792345e+00	4.792345e+00	9.429174e-01	4.435811e+02	-4.426382e+02	4.431097e+02	-2.754979e-15	-7.221103e-16	2.770989e-18	-7.207248e-16	7.234958e-16
2.37          	9.512786e+00	4.756393e+00	4.756393e+00	9.710195e-01	4.396331e+02	-4.386621e+02	4.391476e+02	-2.758940e-15	-7.290899e-16	2.762120e-18	-7.277088e-16	7.304709e-16
2.38          	9.493050e+00	4.746525e+00	4.746525e+00	9.835405e-01	4.384621e+02	-4.374785e+02	4.379703e+02	-2.743619e-15	-7.188112e-16	2.748001e-18	-7.174372e-16	7.201852e-16
2.39          	9.506642e+00	4.753321e+00	4.753321e+00	9.546052e-01	4.396165e+02	-4.386619e+02	4.391392e+02	-2.735615e-15	-7.156065e-16	2.740072e-18	-7.142365e-16	7.169766e-16
2.4           	9.506245e+00	4.753123e+00	4.753123e+00	1.028741e+00	4.382959e+02	-4.372671e+02	4.377815e+02	-2.699896e-15	-6.885726e-16	2.703368e-18	-6.872209e-16	6.899243e-16
2.41          	9.455187e+00	4.727594e+00	4.727594e+00	1.104130e+00	4.345218e+02	-4.334176e+02	4.339697e+02	-2.666989e-15	-6.688836e-16	2.667229e-18	-6.675500e-16	6.702172e-16
2.42          	9.390570e+00	4.695285e+00	4.695285e+00	1.129362e+00	4.309748e+02	-4.298454e+02	4.304101e+02	-2.660177e-15	-6.703435e-16	2.644309e-18	-6.690213e-16	6.716657e-16
2.43          	9.407567e+00	4.703783e+00	4.703783e+00	1.122131e+00	4.319136e+02	-4.307915e+02	4.313525e+02	-2.631749e-15	-6.519890e-16	2.617477e-18	-6.506802e-16	6.532977e-16
2.44          	9.394174e+00	4.697087e+00	4.697087e+00	1.015357e+00	4.331360e+02	-4.321207e+02	4.326283e+02	-2.601130e-15	-6.471543e-16	2.604523e-18	-6.458520e-16	6.484565e-16
2.45          	9.390390e+00	4.695195e+00	4.695195e+00	1.014427e+00	4.329676e+02	-4.319531e+02	4.324603e+02	-2.577885e-15	-6.342615e-16	2.579563e-18	-6.329718e-16	6.355513e-16
2.46          	9.369975e+00	4.684987e+00	4.684987e+00	1.020082e+00	4.318858e+02	-4.308658e+02	4.313758e+02	-2.558814e-15	-6.255021e-16	2.552595e-18	-6.242258e-16	6.267783e-16
2.47          	9.340976e+00	4.670488e+00	4.670488e+00	1.019923e+00	4.304941e+02	-4.294742e+02	4.299841e+02	-2.540373e-15	-6.182341e-16	2.525851e-18	-6.169712e-16	6.194970e-16
2.48          	9.278121e+00	4.639061e+00	4.639061e+00	1.025094e+00	4.273842e+02	-4.263591e+02	4.268716e+02	-2.531010e-15	-6.209853e-16	2.498507e-18	-6.197360e-16	6.222346e-16
2.49          	9.382807e+00	4.691404e+00	4.691404e+00	1.017104e+00	4.325467e+02	-4.315296e+02	4.320381e+02	-2.490332e-15	-5.907272e-16	2.475045e-18	-5.894897e-16	5.919647e-16
2.5           	9.433773e+00	4.716886e+00	4.716886e+00	9.266668e-01	4.365737e+02	-4.356470e+02	4.361104e+02	-2.456027e-15	-5.792029e-16	2.459906e-18	-5.779730e-16	5.804329e-16
2.51          	9.371077e+00	4.685538e+00	4.685538e+00	1.048883e+00	4.314236e+02	-4.303748e+02	4.308992e+02	-2.446255e-15	-5.673829e-16	2.416833e-18	-5.661744e-16	5.685913e-16
2.52          	9.344903e+00	4.672451e+00	4.672451e+00	1.025981e+00	4.305664e+02	-4.295404e+02	4.300534e+02	-2.406797e-15	-5.505413e-16	2.384980e-18	-5.493489e-16	5.517338e-16
2.53          	9.324488e+00	4.662244e+00	4.662244e+00	9.335688e-01	4.312022e+02	-4.302686e+02	4.307354e+02	-2.388093e-15	-5.522906e-16	2.371685e-18	-5.511047e-16	5.534764e-16
2.54          	9.266803e+00	4.633401e+00	4.633401e+00	8.674106e-01	4.295897e+02	-4.287223e+02	4.291560e+02	-2.370319e-15	-5.568987e-16	2.350892e-18	-5.557233e-16	5.580742e-16
2.55          	9.283931e+00	4.641966e+00	4.641966e+00	9.467485e-01	4.290222e+02	-4.280755e+02	4.285489e+02	-2.357069e-15	-5.322620e-16	2.314983e-18	-5.311045e-16	5.334195e-16
2.56          	9.228081e+00	4.614041e+00	4.614041e+00	8.860908e-01	4.274019e+02	-4.265158e+02	4.269588e+02	-2.335854e-15	-5.374468e-16	2.289663e-18	-5.363019e-16	5.385916e-16
2.57          	9.228030e+00	4.614015e+00	4.614015e+00	8.397731e-01	4.282090e+02	-4.273692e+02	4.277891e+02	-2.302809e-15	-5.284927e-16	2.263567e-18	-5.273609e-16	5.296245e-16
2.58          	9.191823e+00	4.595912e+00	4.595912e+00	7.903506e-01	4.273350e+02	-4.265447e+02	4.269398e+02	-2.281443e-15	-5.296795e-16	2.241563e-18	-5.285588e-16	5.308003e-16
2.59          	8.915181e+00	4.457590e+00	4.457590e+00	6.247384e-01	4.169536e+02	-4.163288e+02	4.166412e+02	-2.271977e-15	-5.773877e-16	2.226495e-18	-5.762745e-16	5.785010e-16
2.6           	8.959730e+00	4.479865e+00	4.479865e+00	4.793052e-01	4.216364e+02	-4.211571e+02	4.213967e+02	-2.273393e-15	-5.875176e-16	2.236927e-18	-5.863991e-16	5.886361e-16
2.61          	8.897922e+00	4.448961e+00	4.448961e+00	4.197255e-01	4.197116e+02	-4.192919e+02	4.195017e+02	-2.255503e-15	-5.930378e-16	2.215540e-18	-5.919300e-16	5.941455e-16
2.62          	8.900953e+00	4.450476e+00	4.450476e+00	3.777758e-01	4.205906e+02	-4.202128e+02	4.204017e+02	-2.258158e-15	-6.010574e-16	2.206802e-18	-5.999540e-16	6.021608e-16
2.63          	8.747256e+00	4.373628e+00	4.373628e+00	3.807512e-01	4.131604e+02	-4.127797e+02	4.129700e+02	-2.268624e-15	-6.303634e-16	2.189789e-18	-6.292685e-16	6.314583e-16
2.64          	8.663375e+00	4.331688e+00	4.331688e+00	3.430951e-01	4.097925e+02	-4.094494e+02	4.096209e+02	-2.278094e-15	-6.529940e-16	2.175640e-18	-6.519062e-16	6.540818e-16
2.65          	8.533160e+00	4.266580e+00	4.266580e+00	3.150256e-01	4.040327e+02	-4.037177e+02	4.038752e+02	-2.268712e-15	-6.678193e-16	2.155129e-18	-6.667418e-16	6.688969e-16
2.66          	8.485304e+00	4.242652e+00	4.242652e+00	2.617925e-01	4.026665e+02	-4.024047e+02	4.025356e+02	-2.256257e-15	-6.707175e-16	2.146764e-18	-6.696441e-16	6.717909e-16
2.67          	8.388645e+00	4.194323e+00	4.194323e+00	1.970364e-01	3.991595e+02	-3.989624e+02	3.990609e+02	-2.259413e-15	-6.937388e-16	2.140224e-18	-6.926687e-16	6.948089e-16
2.68          	8.233565e+00	4.116783e+00	4.116783e+00	2.033169e-01	3.916049e+02	-3.914016e+02	3.915033e+02	-2.280078e-15	-7.299303e-16	2.128426e-18	-7.288661e-16	7.309945e-16
2.69          	8.147105e+00	4.073552e+00	4.073552e+00	1.855390e-01	3.877651e+02	-3.875796e+02	3.876724e+02	-2.275956e-15	-7.416635e-16	2.109851e-18	-7.406085e-16	7.427184e-16
2.7           	8.083738e+00	4.041869e+00	4.041869e+00	1.391908e-01	3.855338e+02	-3.853946e+02	3.854642e+02	-2.267503e-15	-7.488109e-16	2.094950e-18	-7.477634e-16	7.498584e-16
2.71          	8.004832e+00	4.002416e+00	4.002416e+00	1.253754e-01	3.819871e+02	-3.818617e+02	3.819244e+02	-2.260027e-15	-7.606995e-16	2.077796e-18	-7.596606e-16	7.617384e-16
2.72          	7.901395e+00	3.950698e+00	3.950698e+00	9.012045e-02	3.776381e+02	-3.775479e+02	3.775930e+02	-2.257227e-15	-7.768781e-16	2.060776e-18	-7.758477e-16	7.779085e-16
2.73          	7.789073e+00	3.894537e+00	3.894537e+00	5.521256e-02	3.728564e+02	-3.728012e+02	3.728288e+02	-2.257264e-15	-7.915615e-16	2.048166e-18	-7.905374e-16	7.925856e-16
2.74          	7.693274e+00	3.846637e+00	3.846637e+00	-6.713006e-03	3.693405e+02	-3.693472e+02	3.693439e+02	-2.256316e-15	-8.065238e-16	2.040192e-18	-8.055037e-16	8.075439e-16
2.75          	7.727124e+00	3.863562e+00	3.863562e+00	1.223999e-02	3.706324e+02	-3.706201e+02	3.706263e+02	-2.241488e-15	-7.888472e-16	2.024020e-18	-7.878352e-16	7.898592e-16
2.76          	7.665937e+00	3.832968e+00	3.832968e+00	-5.266726e-02	3.688300e+02	-3.688826e+02	3.688563e+02	-2.231950e-15	-7.947030e-16	2.017951e-18	-7.936941e-16	7.957120e-16
2.77          	7.583995e+00	3.791997e+00	3.791997e+00	-1.154784e-01	3.659946e+02	-3.661100e+02	3.660523e+02	-2.230447e-15	-8.091290e-16	2.013681e-18	-8.081222e-16	8.101359e-16
2.78          	7.507296e+00	3.753648e+00	3.753648e+00	-1.808433e-01	3.634554e+02	-3.636362e+02	3.635458e+02	-2.228008e-15	-8.216864e-16	2.009984e-18	-8.206814e-16	8.226914e-16
2.79          	7.436248e+00	3.718124e+00	3.718124e+00	-2.486969e-01	3.612310e+02	-3.614797e+02	3.613553e+02	-2.225815e-15	-8.333175e-16	2.007543e-18	-8.323137e-16	8.343212e-16
2.8           	7.359384e+00	3.679692e+00	3.679692e+00	-3.186202e-01	3.587635e+02	-3.590821e+02	3.589228e+02	-2.227920e-15	-8.481727e-16	2.007823e-18	-8.471688e-16	8.491766e-16
2.81          	7.301370e+00	3.650685e+00	3.650685e+00	-3.804623e-01	3.570593e+02	-3.574398e+02	3.572496e+02	-2.229353e-15	-8.597740e-16	2.008618e-18	-8.587697e-16	8.607783e-16
2.82          	7.236181e+00	3.618090e+00	3.618090e+00	-4.692324e-01	3.554819e+02	-3.559512e+02	3.557165e+02	-2.232235e-15	-8.737838e-16	2.012734e-18	-8.727774e-16	8.747901e-16
2.83          	7.195082e+00	3.597541e+00	3.597541e+00	-4.849888e-01	3.537830e+02	-3.542680e+02	3.540255e+02	-2.231146e-15	-8.834515e-16	2.008333e-18	-8.824473e-16	8.844556e-16
2.84          	7.119179e+00	3.559590e+00	3.559590e+00	-4.997548e-01	3.503961e+02	-3.508959e+02	3.506460e+02	-2.246492e-15	-9.076562e-16	2.011427e-18	-9.066505e-16	9.086619e-16
2.85          	7.089652e+00	3.544826e+00	3.544826e+00	-4.790443e-01	3.486143e+02	-3.490933e+02	3.488538e+02	-2.252755e-15	-9.109351e-16	2.008361e-18	-9.099309e-16	9.119392e-16
2.86          	7.043647e+00	3.521823e+00	3.521823e+00	-5.309302e-01	3.473119e+02	-3.478428e+02	3.475773e+02	-2.256777e-15	-9.115115e-16	2.021018e-18	-9.105010e-16	9.125220e-16
2.87          	6.963652e+00	3.481826e+00	3.481826e+00	-5.925522e-01	3.445483e+02	-3.451408e+02	3.448446e+02	-2.265609e-15	-9.244555e-16	2.037745e-18	-9.234366e-16	9.254744e-16
2.88          	6.860137e+00	3.430068e+00	3.430068e+00	-6.314262e-01	3.402575e+02	-3.408889e+02	3.405732e+02	-2.284229e-15	-9.335752e-16	2.055424e-18	-9.325475e-16	9.346029e-16
2.89          	6.820385e+00	3.410193e+00	3.410193e+00	-7.147345e-01	3.398050e+02	-3.405197e+02	3.401624e+02	-2.288454e-15	-9.402638e-16	2.066831e-18	-9.392304e-16	9.412973e-16
2.9           	6.787606e+00	3.393803e+00	3.393803e+00	-8.075995e-01	3.398543e+02	-3.406619e+02	3.402581e+02	-2.292985e-15	-9.494274e-16	2.079469e-18	-9.483877e-16	9.504672e-16
2.91          	6.755187e+00	3.377594e+00	3.377594e+00	-8.920337e-01	3.397734e+02	-3.406654e+02	3.402194e+02	-2.297385e-15	-9.573778e-16	2.092762e-18	-9.563314e-16	9.584241e-16
2.92          	6.713396e+00	3.356698e+00	3.356698e+00	-9.489339e-01	3.387607e+02	-3.397096e+02	3.392352e+02	-2.301255e-15	-9.641718e-16	2.106879e-18	-9.631184e-16	9.652253e-16
2.93          	6.684164e+00	3.342082e+00	3.342082e+00	-1.023254e+00	3.386557e+02	-3.396790e+02	3.391673e+02	-2.310863e-15	-9.735748e-16	2.125085e-18	-9.725122e-16	9.746373e-16
2.94          	6.636823e+00	3.318411e+00	3.318411e+00	-1.112358e+00	3.379402e+02	-3.390526e+02	3.384964e+02	-2.314334e-15	-9.807011e-16	2.143579e-18	-9.796293e-16	9.817729e-16
2.95          	6.586059e+00	3.293030e+00	3.293030e+00	-1.205114e+00	3.371244e+02	-3.383295e+02	3.377270e+02	-2.317714e-15	-9.879992e-16	2.163162e-18	-9.869176e-16	9.890808e-16
2.96          	6.575606e+00	3.287803e+00	3.287803e+00	-1.288331e+00	3.380766e+02	-3.393649e+02	3.387208e+02	-2.319744e-15	-9.903894e-16	2.179059e-18	-9.892999e-16	9.914790e-16
2.97          	6.559653e+00	3.279826e+00	3.279826e+00	-1.370355e+00	3.387440e+02	-3.401143e+02	3.394291e+02	-2.325111e-15	-9.960456e-16	2.193621e-18	-9.949487e-16	9.971424e-16
2.98          	6.536617e+00	3.268309e+00	3.268309e+00	-1.456007e+00	3.391350e+02	-3.405910e+02	3.398630e+02	-2.331890e-15	-1.002657e-15	2.213470e-18	-1.001551e-15	1.003764e-15
2.99          	6.526554e+00	3.263277e+00	3.263277e+00	-1.541350e+00	3.401433e+02	-3.416846e+02	3.409139e+02	-2.335957e-15	-1.005505e-15	2.233866e-18	-1.004388e-15	1.006622e-15
3             	6.508174e+00	3.254087e+00	3.254087e+00	-1.609365e+00	3.404492e+02	-3.420586e+02	3.412539e+02	-2.349550e-15	-1.012592e-15	2.261567e-18	-1.011462e-15	1.013723e-15
3.01          	6.488769e+00	3.244385e+00	3.244385e+00	-1.698175e+00	3.410700e+02	-3.427682e+02	3.419191e+02	-2.358330e-15	-1.019060e-15	2.285224e-18	-1.017918e-15	1.020203e-15
3.02          	6.473975e+00	3.236987e+00	3.236987e+00	-1.784874e+00	3.418753e+02	-3.436601e+02	3.427677e+02	-2.367439e-15	-1.024783e-15	2.309711e-18	-1.023628e-15	1.025938e-15
3.03          	6.460802e+00	3.230401e+00	3.230401e+00	-1.869308e+00	3.427189e+02	-3.445882e+02	3.436535e+02	-2.377103e-15	-1.030067e-15	2.335626e-18	-1.028899e-15	1.031235e-15
3.04          	6.456839e+00	3.228420e+00	3.228420e+00	-1.954073e+00	3.440104e+02	-3.459645e+02	3.449875e+02	-2.388367e-15	-1.036496e-15	2.357304e-18	-1.035318e-15	1.037675e-15
3.05          	6.454271e+00	3.227136e+00	3.227136e+00	-2.034172e+00	3.452875e+02	-3.473216e+02	3.463046e+02	-2.400483e-15	-1.042823e-15	2.380105e-18	-1.041632e-15	1.044013e-15
3.06          	6.450916e+00	3.225458e+00	3.225458e+00	-2.099961e+00	3.462764e+02	-3.483764e+02	3.473264e+02	-2.415021e-15	-1.049865e-15	2.406053e-18	-1.048662e-15	1.051068e-15
3.07          	6.456292e+00	3.228146e+00	3.228146e+00	-2.198218e+00	3.482528e+02	-3.504510e+02	3.493519e+02	-2.422451e-15	-1.051918e-15	2.422030e-18	-1.050707e-15	1.053129e-15
3.08          	6.449314e+00	3.224657e+00	3.224657e+00	-2.305364e+00	3.497919e+02	-3.520973e+02	3.509446e+02	-2.431014e-15	-1.053728e-15	2.448110e-18	-1.052504e-15	1.054952e-15
3.09          	6.451960e+00	3.225980e+00	3.225980e+00	-2.382025e+00	3.512596e+02	-3.536416e+02	3.524506e+02	-2.448702e-15	-1.062308e-15	2.474036e-18	-1.061071e-15	1.063545e-15
3.1           	6.445197e+00	3.222598e+00	3.222598e+00	-2.450955e+00	3.521406e+02	-3.545915e+02	3.533660e+02	-2.465036e-15	-1.069593e-15	2.501715e-18	-1.068343e-15	1.070844e-15
3.11          	6.432805e+00	3.216403e+00	3.216403e+00	-2.519056e+00	3.527370e+02	-3.552560e+02	3.539965e+02	-2.487082e-15	-1.081451e-15	2.529433e-18	-1.080186e-15	1.082716e-15
3.12          	6.473436e+00	3.236718e+00	3.236718e+00	-2.582125e+00	3.557906e+02	-3.583727e+02	3.570816e+02	-2.494898e-15	-1.076451e-15	2.553024e-18	-1.075174e-15	1.077727e-15
3.13          	6.493520e+00	3.246760e+00	3.246760e+00	-2.631891e+00	3.576252e+02	-3.602571e+02	3.589411e+02	-2.509204e-15	-1.079362e-15	2.579134e-18	-1.078073e-15	1.080652e-15
3.14          	6.489148e+00	3.244574e+00	3.244574e+00	-2.684974e+00	3.583441e+02	-3.610291e+02	3.596866e+02	-2.530532e-15	-1.088078e-15	2.606079e-18	-1.086775e-15	1.089381e-15
3.15          	6.484123e+00	3.242061e+00	3.242061e+00	-2.734785e+00	3.589746e+02	-3.617094e+02	3.603420e+02	-2.553651e-15	-1.097357e-15	2.632582e-18	-1.096041e-15	1.098673e-15
3.16          	6.481273e+00	3.240637e+00	3.240637e+00	-2.782753e+00	3.596774e+02	-3.624601e+02	3.610687e+02	-2.577469e-15	-1.105827e-15	2.658670e-18	-1.104498e-15	1.107157e-15
3.17          	6.481949e+00	3.240975e+00	3.240975e+00	-2.829242e+00	3.605236e+02	-3.633528e+02	3.619382e+02	-2.601669e-15	-1.112366e-15	2.684130e-18	-1.111024e-15	1.113708e-15
3.18          	6.485089e+00	3.242544e+00	3.242544e+00	-2.871522e+00	3.614145e+02	-3.642860e+02	3.628503e+02	-2.625530e-15	-1.114924e-15	2.708385e-18	-1.113569e-15	1.116278e-15
3.19          	6.497687e+00	3.248844e+00	3.248844e+00	-2.929377e+00	3.630322e+02	-3.659615e+02	3.644968e+02	-2.646465e-15	-1.128730e-15	2.734566e-18	-1.127362e-15	1.130097e-15
3.2           	6.510160e+00	3.255080e+00	3.255080e+00	-2.993789e+00	3.647586e+02	-3.677524e+02	3.662555e+02	-2.670107e-15	-1.150470e-15	2.763449e-18	-1.149089e-15	1.151852e-15
3.21          	6.471756e+00	3.235878e+00	3.235878e+00	-3.029701e+00	3.635443e+02	-3.665740e+02	3.650591e+02	-2.706299e-15	-1.193642e-15	2.793154e-18	-1.192245e-15	1.195039e-15
3.22          	6.470471e+00	3.235236e+00	3.235236e+00	-3.059408e+00	3.640031e+02	-3.670625e+02	3.655328e+02	-2.738792e-15	-1.206701e-15	2.817914e-18	-1.205292e-15	1.208109e-15
3.23          	6.434831e+00	3.217415e+00	3.217415e+00	-3.059651e+00	3.622973e+02	-3.653569e+02	3.638271e+02	-2.789053e-15	-1.233288e-15	2.844055e-18	-1.231866e-15	1.234710e-15
3.24          	6.434199e+00	3.217100e+00	3.217100e+00	-3.094190e+00	3.628721e+02	-3.659663e+02	3.644192e+02	-2.805914e-15	-1.233393e-15	2.864505e-18	-1.231961e-15	1.234825e-15
3.25          	6.445780e+00	3.222890e+00	3.222890e+00	-3.140317e+00	3.642360e+02	-3.673763e+02	3.658061e+02	-2.831149e-15	-1.239218e-15	2.893597e-18	-1.237771e-15	1.240665e-15
3.26          	6.462063e+00	3.231031e+00	3.231031e+00	-3.181510e+00	3.657392e+02	-3.689207e+02	3.673299e+02	-2.856010e-15	-1.243323e-15	2.917522e-18	-1.241864e-15	1.244781e-15
3.27          	6.489224e+00	3.244612e+00	3.244612e+00	-3.219137e+00	3.677022e+02	-3.709213e+02	3.693117e+02	-2.882055e-15	-1.248130e-15	2.936171e-18	-1.246662e-15	1.249598e-15
3.28          	6.517736e+00	3.258868e+00	3.258868e+00	-3.258298e+00	3.697568e+02	-3.730151e+02	3.713860e+02	-2.909432e-15	-1.253788e-15	2.956119e-18	-1.252310e-15	1.255266e-15
3.29          	6.528948e+00	3.264474e+00	3.264474e+00	-3.293407e+00	3.709102e+02	-3.742036e+02	3.725569e+02	-2.932158e-15	-1.256075e-15	2.976578e-18	-1.254587e-15	1.257564e-15
3.3           	6.543661e+00	3.271831e+00	3.271831e+00	-3.339977e+00	3.724321e+02	-3.757721e+02	3.741021e+02	-2.958854e-15	-1.262331e-15	3.008427e-18	-1.260826e-15	1.263835e-15
3.31          	6.589242e+00	3.294621e+00	3.294621e+00	-3.369195e+00	3.751320e+02	-3.785012e+02	3.768166e+02	-2.982084e-15	-1.266114e-15	3.022677e-18	-1.264603e-15	1.267625e-15
3.32          	6.639751e+00	3.319875e+00	3.319875e+00	-3.398000e+00	3.780611e+02	-3.814591e+02	3.797601e+02	-3.005987e-15	-1.269895e-15	3.037244e-18	-1.268376e-15	1.271413e-15
3.33          	6.674313e+00	3.337156e+00	3.337156e+00	-3.413820e+00	3.799975e+02	-3.834114e+02	3.817044e+02	-3.029537e-15	-1.269702e-15	3.049140e-18	-1.268178e-15	1.271227e-15
3.34          	6.700159e+00	3.350080e+00	3.350080e+00	-3.432686e+00	3.815689e+02	-3.850016e+02	3.832852e+02	-3.048160e-15	-1.266813e-15	3.060075e-18	-1.265283e-15	1.268343e-15
3.35          	6.746032e+00	3.373016e+00	3.373016e+00	-3.452422e+00	3.841167e+02	-3.875691e+02	3.858429e+02	-3.067849e-15	-1.260507e-15	3.071966e-18	-1.258971e-15	1.262043e-15
3.36          	6.860422e+00	3.430211e+00	3.430211e+00	-3.489434e+00	3.902557e+02	-3.937451e+02	3.920004e+02	-3.093449e-15	-1.247668e-15	3.089650e-18	-1.246123e-15	1.249213e-15
3.37          	6.901075e+00	3.450538e+00	3.450538e+00	-3.493839e+00	3.922846e+02	-3.957784e+02	3.940315e+02	-3.129172e-15	-1.250957e-15	3.102213e-18	-1.249405e-15	1.252508e-15
3.38          	6.922844e+00	3.461422e+00	3.461422e+00	-3.494983e+00	3.933499e+02	-3.968449e+02	3.950974e+02	-3.157589e-15	-1.252187e-15	3.111334e-18	-1.250631e-15	1.253742e-15
3.39          	6.980358e+00	3.490179e+00	3.490179e+00	-3.487778e+00	3.959849e+02	-3.994727e+02	3.977288e+02	-3.181305e-15	-1.249163e-15	3.107817e-18	-1.247609e-15	1.250717e-15
3.4           	7.077985e+00	3.538992e+00	3.538992e+00	-3.540765e+00	4.015987e+02	-4.051395e+02	4.033691e+02	-3.211578e-15	-1.237841e-15	3.121863e-18	-1.236280e-15	1.239402e-15
3.41          	7.074463e+00	3.537231e+00	3.537231e+00	-3.519889e+00	4.010648e+02	-4.045847e+02	4.028247e+02	-3.237652e-15	-1.241227e-15	3.123251e-18	-1.239665e-15	1.242788e-15
3.42          	7.093910e+00	3.546955e+00	3.546955e+00	-3.513326e+00	4.018838e+02	-4.053971e+02	4.036404e+02	-3.264542e-15	-1.244878e-15	3.130432e-18	-1.243313e-15	1.246444e-15
3.43          	7.139860e+00	3.569930e+00	3.569930e+00	-3.497161e+00	4.038069e+02	-4.073041e+02	4.055555e+02	-3.287089e-15	-1.241790e-15	3.132496e-18	-1.240223e-15	1.243356e-15
3.44          	7.181107e+00	3.590554e+00	3.590554e+00	-3.484832e+00	4.055715e+02	-4.090563e+02	4.073139e+02	-3.312594e-15	-1.240449e-15	3.135210e-18	-1.238881e-15	1.242017e-15
3.45          	7.237466e+00	3.618733e+00	3.618733e+00	-3.451518e+00	4.076942e+02	-4.111458e+02	4.094200e+02	-3.328915e-15	-1.228497e-15	3.135456e-18	-1.226929e-15	1.230065e-15
3.46          	7.296060e+00	3.648030e+00	3.648030e+00	-3.417319e+00	4.099088e+02	-4.133261e+02	4.116175e+02	-3.344522e-15	-1.215470e-15	3.134614e-18	-1.213903e-15	1.217038e-15
3.47          	7.357439e+00	3.678720e+00	3.678720e+00	-3.380391e+00	4.122094e+02	-4.155898e+02	4.138996e+02	-3.358330e-15	-1.200715e-15	3.131352e-18	-1.199149e-15	1.202280e-15
3.48          	7.423799e+00	3.711899e+00	3.711899e+00	-3.334647e+00	4.145950e+02	-4.179296e+02	4.162623e+02	-3.368387e-15	-1.182888e-15	3.121589e-18	-1.181327e-15	1.184448e-15
3.49          	7.488477e+00	3.744239e+00	3.744239e+00	-3.313897e+00	4.173373e+02	-4.206512e+02	4.189942e+02	-3.402212e-15	-1.183141e-15	3.145224e-18	-1.181569e-15	1.184714e-15
3.5           	7.541799e+00	3.770900e+00	3.770900e+00	-3.295924e+00	4.195832e+02	-4.228791e+02	4.212312e+02	-3.423856e-15	-1.174944e-15	3.152412e-18	-1.173368e-15	1.176520e-15
3.51          	7.608582e+00	3.804291e+00	3.804291e+00	-3.254795e+00	4.220701e+02	-4.253249e+02	4.236975e+02	-3.436990e-15	-1.159594e-15	3.147969e-18	-1.158020e-15	1.161168e-15
3.52          	7.676856e+00	3.838428e+00	3.838428e+00	-3.211637e+00	4.245933e+02	-4.278049e+02	4.261991e+02	-3.449587e-15	-1.143883e-15	3.142663e-18	-1.142311e-15	1.145454e-15
3.53          	7.739342e+00	3.869671e+00	3.869671e+00	-3.163812e+00	4.267571e+02	-4.299209e+02	4.283390e+02	-3.460873e-15	-1.127421e-15	3.137355e-18	-1.125852e-15	1.128990e-15
3.54          	7.804704e+00	3.902352e+00	3.902352e+00	-3.107606e+00	4.289125e+02	-4.320201e+02	4.304663e+02	-3.471671e-15	-1.109636e-15	3.131913e-18	-1.108070e-15	1.111202e-15
3.55          	7.897387e+00	3.948694e+00	3.948694e+00	-3.056340e+00	4.324658e+02	-4.355221e+02	4.339940e+02	-3.485261e-15	-1.092126e-15	3.129646e-18	-1.090561e-15	1.093691e-15
3.56          	7.983372e+00	3.991686e+00	3.991686e+00	-3.012793e+00	4.358328e+02	-4.388456e+02	4.373392e+02	-3.497791e-15	-1.082605e-15	3.127338e-18	-1.081041e-15	1.084169e-15
3.57          	8.057794e+00	4.028897e+00	4.028897e+00	-2.961370e+00	4.385072e+02	-4.414686e+02	4.399879e+02	-3.509125e-15	-1.076322e-15	3.126308e-18	-1.074759e-15	1.077885e-15
3.58          	8.125570e+00	4.062785e+00	4.062785e+00	-2.902293e+00	4.407288e+02	-4.436311e+02	4.421800e+02	-3.516311e-15	-1.061921e-15	3.115038e-18	-1.060363e-15	1.063478e-15
3.59          	8.190926e+00	4.095463e+00	4.095463e+00	-2.846582e+00	4.428934e+02	-4.457400e+02	4.443167e+02	-3.524964e-15	-1.047285e-15	3.103063e-18	-1.045733e-15	1.048836e-15
3.6           	8.231462e+00	4.115731e+00	4.115731e+00	-2.814858e+00	4.442865e+02	-4.471013e+02	4.456939e+02	-3.538702e-15	-1.040863e-15	3.098870e-18	-1.039313e-15	1.042412e-15
3.61          	8.336138e+00	4.168069e+00	4.168069e+00	-2.714920e+00	4.475647e+02	-4.502797e+02	4.489222e+02	-3.545302e-15	-1.020729e-15	3.085793e-18	-1.019186e-15	1.022271e-15
3.62          	8.388094e+00	4.194047e+00	4.194047e+00	-2.634790e+00	4.486592e+02	-4.512940e+02	4.499766e+02	-3.551004e-15	-1.005195e-15	3.074572e-18	-1.003657e-15	1.006732e-15
3.63          	8.497099e+00	4.248550e+00	4.248550e+00	-2.526544e+00	4.520002e+02	-4.545267e+02	4.532635e+02	-3.552249e-15	-9.802624e-16	3.055353e-18	-9.787347e-16	9.817901e-16
3.64          	8.487894e+00	4.243947e+00	4.243947e+00	-2.462454e+00	4.504400e+02	-4.529024e+02	4.516712e+02	-3.559228e-15	-9.665638e-16	3.034183e-18	-9.650468e-16	9.680809e-16
3.65          	8.654801e+00	4.327401e+00	4.327401e+00	-2.338976e+00	4.562939e+02	-4.586329e+02	4.574634e+02	-3.556036e-15	-9.315746e-16	3.019501e-18	-9.300649e-16	9.330844e-16
3.66          	8.738200e+00	4.369100e+00	4.369100e+00	-2.237406e+00	4.585231e+02	-4.607605e+02	4.596418e+02	-3.556929e-15	-9.076323e-16	3.001716e-18	-9.061314e-16	9.091332e-16
3.67          	8.894297e+00	4.447148e+00	4.447148e+00	-2.072102e+00	4.631265e+02	-4.651986e+02	4.641625e+02	-3.542877e-15	-8.621901e-16	2.975524e-18	-8.607023e-16	8.636778e-16
3.68          	8.958431e+00	4.479215e+00	4.479215e+00	-1.957903e+00	4.642101e+02	-4.661680e+02	4.651891e+02	-3.541447e-15	-8.391139e-16	2.952881e-18	-8.376374e-16	8.405903e-16
3.69          	9.041459e+00	4.520730e+00	4.520730e+00	-2.016826e+00	4.692306e+02	-4.712474e+02	4.702390e+02	-3.573774e-15	-8.351190e-16	2.968033e-18	-8.336349e-16	8.366030e-16
3.7           	9.064331e+00	4.532166e+00	4.532166e+00	-1.983830e+00	4.697552e+02	-4.717390e+02	4.707471e+02	-3.590069e-15	-8.279446e-16	2.962392e-18	-8.264634e-16	8.294258e-16
3.71          	9.181203e+00	4.590602e+00	4.590602e+00	-1.973108e+00	4.751818e+02	-4.771549e+02	4.761683e+02	-3.601499e-15	-8.004649e-16	2.959397e-18	-7.989852e-16	8.019446e-16
3.72          	9.179746e+00	4.589873e+00	4.589873e+00	-1.871174e+00	4.733325e+02	-4.752036e+02	4.742680e+02	-3.611127e-15	-7.936435e-16	2.940437e-18	-7.921732e-16	7.951137e-16
3.73          	9.183443e+00	4.591722e+00	4.591722e+00	-1.783729e+00	4.719843e+02	-4.737680e+02	4.728761e+02	-3.618842e-15	-7.819733e-16	2.921056e-18	-7.805128e-16	7.834338e-16
3.74          	9.250928e+00	4.625464e+00	4.625464e+00	-1.680221e+00	4.734169e+02	-4.750971e+02	4.742570e+02	-3.626111e-15	-7.626629e-16	2.904936e-18	-7.612104e-16	7.641154e-16
3.75          	9.276482e+00	4.638241e+00	4.638241e+00	-1.588487e+00	4.730429e+02	-4.746314e+02	4.738372e+02	-3.633052e-15	-7.464540e-16	2.887767e-18	-7.450102e-16	7.478979e-16
3.76          	9.292971e+00	4.646486e+00	4.646486e+00	-1.496835e+00	4.722355e+02	-4.737323e+02	4.729839e+02	-3.640115e-15	-7.299251e-16	2.869781e-18	-7.284902e-16	7.313600e-16
3.77          	9.329294e+00	4.664647e+00	4.664647e+00	-1.401982e+00	4.723241e+02	-4.737261e+02	4.730251e+02	-3.645591e-15	-7.101931e-16	2.853624e-18	-7.087663e-16	7.116199e-16
3.78          	9.352396e+00	4.676198e+00	4.676198e+00	-1.305395e+00	4.717478e+02	-4.730532e+02	4.724005e+02	-3.652190e-15	-6.908593e-16	2.835902e-18	-6.894413e-16	6.922772e-16
3.79          	9.360858e+00	4.680429e+00	4.680429e+00	-1.213926e+00	4.705585e+02	-4.717724e+02	4.711654e+02	-3.659370e-15	-6.719107e-16	2.817021e-18	-6.705022e-16	6.733192e-16
3.8           	9.375529e+00	4.687765e+00	4.687765e+00	-1.127556e+00	4.697564e+02	-4.708840e+02	4.703202e+02	-3.668608e-15	-6.532388e-16	2.799574e-18	-6.518390e-16	6.546386e-16
3.81          	9.392726e+00	4.696363e+00	4.696363e+00	-1.039194e+00	4.690408e+02	-4.700800e+02	4.695604e+02	-3.678302e-15	-6.335551e-16	2.782286e-18	-6.321640e-16	6.349462e-16
3.82          	9.408402e+00	4.704201e+00	4.704201e+00	-9.490064e-01	4.682202e+02	-4.691692e+02	4.686947e+02	-3.686382e-15	-6.115950e-16	2.764415e-18	-6.102128e-16	6.129772e-16
3.83          	9.423297e+00	4.711649e+00	4.711649e+00	-8.584487e-01	4.673556e+02	-4.682140e+02	4.677848e+02	-3.694305e-15	-5.884541e-16	2.746716e-18	-5.870808e-16	5.898275e-16
3.84          	9.438143e+00	4.719072e+00	4.719072e+00	-7.625533e-01	4.663951e+02	-4.671577e+02	4.667764e+02	-3.706091e-15	-5.670659e-16	2.730859e-18	-5.657005e-16	5.684313e-16
3.85          	9.456115e+00	4.728058e+00	4.728058e+00	-6.714414e-01	4.656684e+02	-4.663398e+02	4.660041e+02	-3.721511e-15	-5.472480e-16	2.717171e-18	-5.458894e-16	5.486066e-16
3.86          	9.464661e+00	4.732330e+00	4.732330e+00	-5.845810e-01	4.645635e+02	-4.651480e+02	4.648558e+02	-3.729682e-15	-5.216714e-16	2.701490e-18	-5.203206e-16	5.230221e-16
3.87          	9.468392e+00	4.734196e+00	4.734196e+00	-5.056870e-01	4.633667e+02	-4.638724e+02	4.636196e+02	-3.738484e-15	-4.962091e-16	2.688726e-18	-4.948648e-16	4.975535e-16
3.88          	9.498184e+00	4.749092e+00	4.749092e+00	-4.171384e-01	4.632518e+02	-4.636689e+02	4.634603e+02	-3.747600e-15	-4.680375e-16	2.665100e-18	-4.667050e-16	4.693701e-16
3.89          	9.529344e+00	4.764672e+00	4.764672e+00	-3.548479e-01	4.636618e+02	-4.640166e+02	4.638392e+02	-3.756053e-15	-4.397641e-16	2.647185e-18	-4.384405e-16	4.410877e-16
3.9           	9.586164e+00	4.793082e+00	4.793082e+00	-3.435294e-01	4.661953e+02	-4.665388e+02	4.663671e+02	-3.760328e-15	-4.086909e-16	2.631836e-18	-4.073750e-16	4.100068e-16
3.91          	9.527506e+00	4.763753e+00	4.763753e+00	-7.331570e-02	4.586549e+02	-4.587282e+02	4.586916e+02	-3.781602e-15	-3.846131e-16	2.595159e-18	-3.833155e-16	3.859107e-16
3.92          	9.542896e+00	4.771448e+00	4.771448e+00	-1.090850e-02	4.583052e+02	-4.583161e+02	4.583106e+02	-3.792751e-15	-3.574498e-16	2.582811e-18	-3.561584e-16	3.587412e-16
3.93          	9.562509e+00	4.781254e+00	4.781254e+00	4.770772e-02	4.582242e+02	-4.581765e+02	4.582004e+02	-3.802669e-15	-3.289967e-16	2.570257e-18	-3.277116e-16	3.302819e-16
3.94          	9.584444e+00	4.792222e+00	4.792222e+00	1.073070e-01	4.582372e+02	-4.581299e+02	4.581836e+02	-3.813431e-15	-3.010043e-16	2.557980e-18	-2.997253e-16	3.022833e-16
3.95          	9.608243e+00	4.804121e+00	4.804121e+00	1.672219e-01	4.583339e+02	-4.581666e+02	4.582502e+02	-3.824702e-15	-2.734780e-16	2.545596e-18	-2.722052e-16	2.747508e-16
3.96          	9.636768e+00	4.818384e+00	4.818384e+00	1.891221e-01	4.593223e+02	-4.591332e+02	4.592277e+02	-3.842408e-15	-2.524782e-16	2.539466e-18	-2.512085e-16	2.537480e-16
3.97          	9.630361e+00	4.815181e+00	4.815181e+00	2.765884e-01	4.574863e+02	-4.572097e+02	4.573480e+02	-3.842167e-15	-2.194219e-16	2.519206e-18	-2.181622e-16	2.206815e-16
3.98          	9.740795e+00	4.870398e+00	4.870398e+00	3.199044e-01	4.620309e+02	-4.617110e+02	4.618709e+02	-3.845336e-15	-1.760505e-16	2.513310e-18	-1.747939e-16	1.773072e-16
3.99          	9.792808e+00	4.896404e+00	4.896404e+00	3.779668e-01	4.635129e+02	-4.631349e+02	4.633239e+02	-3.850253e-15	-1.414979e-16	2.505004e-18	-1.402454e-16	1.427504e-16
4             	9.849158e+00	4.924579e+00	4.924579e+00	4.342316e-01	4.652343e+02	-4.648000e+02	4.650171e+02	-3.859138e-15	-1.108463e-16	2.495433e-18	-1.095986e-16	1.120940e-16
4.01          	9.964514e+00	4.982257e+00	4.982257e+00	4.822747e-01	4.699314e+02	-4.694491e+02	4.696903e+02	-3.868370e-15	-7.332720e-17	2.488197e-18	-7.208311e-17	7.457130e-17
4.02          	9.972461e+00	4.986230e+00	4.986230e+00	5.334091e-01	4.694185e+02	-4.688851e+02	4.691518e+02	-3.880479e-15	-5.734649e-17	2.475735e-18	-5.610863e-17	5.858436e-17
4.03          	9.981667e+00	4.990834e+00	4.990834e+00	5.654170e-01	4.693004e+02	-4.687350e+02	4.690177e+02	-3.893974e-15	-4.801196e-17	2.468133e-18	-4.677789e-17	4.924603e-17
4.04          	9.973447e+00	4.986724e+00	4.986724e+00	6.096889e-01	4.681310e+02	-4.675213e+02	4.678261e+02	-3.899381e-15	-3.702956e-17	2.459353e-18	-3.579988e-17	3.825923e-17
4.05          	9.962081e+00	4.981040e+00	4.981040e+00	7.125876e-01	4.657843e+02	-4.650717e+02	4.654280e+02	-3.908723e-15	-1.565220e-17	2.442823e-18	-1.443079e-17	1.687361e-17
4.06          	9.989730e+00	4.994865e+00	4.994865e+00	7.287336e-01	4.668282e+02	-4.660995e+02	4.664639e+02	-3.921697e-15	6.022753e-19	2.435883e-18	1.820217e-18	6.156662e-19
4.07          	1.005251e+01	5.026257e+00	5.026257e+00	6.103253e-01	4.719131e+02	-4.713028e+02	4.716080e+02	-3.925322e-15	1.909223e-17	2.441495e-18	2.031298e-17	-1.787148e-17
4.08          	1.005472e+01	5.027358e+00	5.027358e+00	5.845920e-01	4.724682e+02	-4.718836e+02	4.721759e+02	-3.944337e-15	2.319654e-17	2.442601e-18	2.441784e-17	-2.197524e-17
4.09          	1.006277e+01	5.031383e+00	5.031383e+00	6.100969e-01	4.724070e+02	-4.717969e+02	4.721020e+02	-3.958119e-15	3.228716e-17	2.434809e-18	3.350457e-17	-3.106976e-17
4.1           	1.011627e+01	5.058135e+00	5.058135e+00	4.840614e-01	4.771795e+02	-4.766954e+02	4.769375e+02	-3.961715e-15	4.455319e-17	2.441924e-18	4.577415e-17	-4.333223e-17
4.11          	1.010995e+01	5.054974e+00	5.054974e+00	5.689385e-01	4.753890e+02	-4.748201e+02	4.751046e+02	-3.981627e-15	4.721002e-17	2.431151e-18	4.842560e-17	-4.599445e-17
4.12          	1.008434e+01	5.042171e+00	5.042171e+00	5.911139e-01	4.737702e+02	-4.731791e+02	4.734746e+02	-3.997102e-15	4.577926e-17	2.424358e-18	4.699144e-17	-4.456708e-17
4.13          	1.002107e+01	5.010533e+00	5.010533e+00	5.084880e-01	4.721769e+02	-4.716684e+02	4.719227e+02	-4.002864e-15	3.942771e-17	2.421682e-18	4.063855e-17	-3.821686e-17
4.14          	9.993170e+00	4.996585e+00	4.996585e+00	5.228442e-01	4.705847e+02	-4.700618e+02	4.703232e+02	-4.017026e-15	3.330305e-17	2.417837e-18	3.451197e-17	-3.209413e-17
4.15          	9.971048e+00	4.985524e+00	4.985524e+00	5.369802e-01	4.692732e+02	-4.687363e+02	4.690047e+02	-4.031983e-15	2.652582e-17	2.414196e-18	2.773292e-17	-2.531872e-17
4.16          	9.945336e+00	4.972668e+00	4.972668e+00	5.483446e-01	4.678378e+02	-4.672894e+02	4.675636e+02	-4.047620e-15	1.661584e-17	2.411848e-18	1.782177e-17	-1.540992e-17
4.17          	9.916823e+00	4.958411e+00	4.958411e+00	5.573779e-01	4.663086e+02	-4.657512e+02	4.660299e+02	-4.062525e-15	4.726751e-18	2.410115e-18	5.931808e-18	-3.521693e-18
4.18          	9.885704e+00	4.942852e+00	4.942852e+00	5.661764e-01	4.646582e+02	-4.640920e+02	4.643751e+02	-4.078010e-15	-9.960680e-18	2.409320e-18	-8.756020e-18	1.116534e-17
4.19          	9.854504e+00	4.927252e+00	4.927252e+00	5.780198e-01	4.629505e+02	-4.623725e+02	4.626615e+02	-4.093509e-15	-2.645750e-17	2.408779e-18	-2.525311e-17	2.766189e-17
4.2           	9.822734e+00	4.911367e+00	4.911367e+00	5.928861e-01	4.611623e+02	-4.605695e+02	4.608659e+02	-4.109081e-15	-4.486370e-17	2.408703e-18	-4.365935e-17	4.606805e-17
4.21          	9.761385e+00	4.880692e+00	4.880692e+00	5.888866e-01	4.582843e+02	-4.576955e+02	4.579899e+02	-4.122725e-15	-7.031056e-17	2.415891e-18	-6.910261e-17	7.151850e-17
4.22          	9.723498e+00	4.861749e+00	4.861749e+00	5.974382e-01	4.563127e+02	-4.557153e+02	4.560140e+02	-4.139458e-15	-9.594189e-17	2.420879e-18	-9.473145e-17	9.715233e-17
4.23          	9.652626e+00	4.826313e+00	4.826313e+00	5.928863e-01	4.529870e+02	-4.523941e+02	4.526905e+02	-4.150863e-15	-1.246208e-16	2.429240e-18	-1.234062e-16	1.258354e-16
4.24          	9.602667e+00	4.801334e+00	4.801334e+00	6.035076e-01	4.503993e+02	-4.497958e+02	4.500975e+02	-4.161994e-15	-1.507079e-16	2.433412e-18	-1.494912e-16	1.519246e-16
4.25          	9.592270e+00	4.796135e+00	4.796135e+00	6.255379e-01	4.495107e+02	-4.488852e+02	4.491980e+02	-4.179530e-15	-1.819214e-16	2.441824e-18	-1.807005e-16	1.831423e-16
4.26          	9.499944e+00	4.749972e+00	4.749972e+00	6.373211e-01	4.448687e+02	-4.442314e+02	4.445500e+02	-4.192389e-15	-2.043179e-16	2.435683e-18	-2.031001e-16	2.055358e-16
4.27          	9.427798e+00	4.713899e+00	4.713899e+00	6.496852e-01	4.411850e+02	-4.405353e+02	4.408601e+02	-4.204925e-15	-2.289242e-16	2.436910e-18	-2.277058e-16	2.301427e-16
4.28          	9.361552e+00	4.680776e+00	4.680776e+00	6.488176e-01	4.380158e+02	-4.373670e+02	4.376914e+02	-4.210439e-15	-2.539649e-16	2.446448e-18	-2.527417e-16	2.551881e-16
4.29          	9.326986e+00	4.663493e+00	4.663493e+00	6.635881e-01	4.360934e+02	-4.354299e+02	4.357617e+02	-4.223564e-15	-2.813692e-16	2.457579e-18	-2.801404e-16	2.825980e-16
4.3           	9.292498e+00	4.646249e+00	4.646249e+00	6.960148e-01	4.338657e+02	-4.331697e+02	4.335177e+02	-4.236093e-15	-3.075336e-16	2.469015e-18	-3.062991e-16	3.087681e-16
4.31          	9.260593e+00	4.630297e+00	4.630297e+00	7.234306e-01	4.318497e+02	-4.311262e+02	4.314879e+02	-4.248984e-15	-3.331791e-16	2.481825e-18	-3.319382e-16	3.344200e-16
4.32          	9.237826e+00	4.618913e+00	4.618913e+00	7.526997e-01	4.302397e+02	-4.294870e+02	4.298633e+02	-4.262587e-15	-3.578603e-16	2.495909e-18	-3.566123e-16	3.591082e-16
4.33          	9.216018e+00	4.608009e+00	4.608009e+00	7.695159e-01	4.288936e+02	-4.281241e+02	4.285089e+02	-4.277984e-15	-3.846926e-16	2.512678e-18	-3.834362e-16	3.859489e-16
4.34          	9.205117e+00	4.602559e+00	4.602559e+00	7.855050e-01	4.280856e+02	-4.273001e+02	4.276929e+02	-4.293796e-15	-4.095661e-16	2.530525e-18	-4.083008e-16	4.108313e-16
4.35          	9.204964e+00	4.602482e+00	4.602482e+00	8.019013e-01	4.277864e+02	-4.269845e+02	4.273854e+02	-4.310709e-15	-4.331951e-16	2.549634e-18	-4.319203e-16	4.344699e-16
4.36          	9.208191e+00	4.604096e+00	4.604096e+00	8.184804e-01	4.276463e+02	-4.268278e+02	4.272371e+02	-4.327798e-15	-4.562758e-16	2.569696e-18	-4.549909e-16	4.575606e-16
4.37          	9.203027e+00	4.601513e+00	4.601513e+00	8.361885e-01	4.270838e+02	-4.262476e+02	4.266657e+02	-4.343017e-15	-4.778260e-16	2.592174e-18	-4.765299e-16	4.791221e-16
4.38          	9.198862e+00	4.599431e+00	4.599431e+00	8.557694e-01	4.265366e+02	-4.256808e+02	4.261087e+02	-4.359153e-15	-4.994153e-16	2.616209e-18	-4.981072e-16	5.007234e-16
4.39          	9.197236e+00	4.598618e+00	4.598618e+00	8.761648e-01	4.260972e+02	-4.252210e+02	4.256591e+02	-4.375822e-15	-5.210622e-16	2.638957e-18	-5.197427e-16	5.223816e-16
4.4           	9.193261e+00	4.596630e+00	4.596630e+00	8.983213e-01	4.255145e+02	-4.246161e+02	4.250653e+02	-4.392808e-15	-5.427335e-16	2.661169e-18	-5.414029e-16	5.440641e-16
4.41          	9.181926e+00	4.590963e+00	4.590963e+00	9.239573e-01	4.245178e+02	-4.235938e+02	4.240558e+02	-4.410154e-15	-5.647337e-16	2.682517e-18	-5.633924e-16	5.660749e-16
4.42          	9.254888e+00	4.627444e+00	4.627444e+00	9.676534e-01	4.272515e+02	-4.262839e+02	4.267677e+02	-4.419448e-15	-5.760385e-16	2.717081e-18	-5.746799e-16	5.773970e-16
4.43          	9.264287e+00	4.632144e+00	4.632144e+00	1.030549e+00	4.265985e+02	-4.255680e+02	4.260833e+02	-4.435495e-15	-5.970792e-16	2.741471e-18	-5.957085e-16	5.984499e-16
4.44          	9.315607e+00	4.657803e+00	4.657803e+00	1.048100e+00	4.287516e+02	-4.277035e+02	4.282275e+02	-4.452259e-15	-6.080292e-16	2.768789e-18	-6.066448e-16	6.094136e-16
4.45          	9.444376e+00	4.722188e+00	4.722188e+00	9.897334e-01	4.359512e+02	-4.349615e+02	4.354564e+02	-4.464763e-15	-6.008032e-16	2.804452e-18	-5.994009e-16	6.022054e-16
4.46          	9.676409e+00	4.838205e+00	4.838205e+00	9.034127e-01	4.485972e+02	-4.476938e+02	4.481455e+02	-4.470752e-15	-5.796072e-16	2.853212e-18	-5.781806e-16	5.810338e-16
4.47          	9.676694e+00	4.838347e+00	4.838347e+00	9.364187e-01	4.480314e+02	-4.470950e+02	4.475632e+02	-4.494638e-15	-6.067344e-16	2.882218e-18	-6.052933e-16	6.081755e-16
4.48          	9.634374e+00	4.817187e+00	4.817187e+00	9.771412e-01	4.452859e+02	-4.443088e+02	4.447974e+02	-4.517690e-15	-6.328514e-16	2.901311e-18	-6.314007e-16	6.343020e-16
4.49          	9.599099e+00	4.799550e+00	4.799550e+00	1.030858e+00	4.426516e+02	-4.416207e+02	4.421361e+02	-4.537263e-15	-6.542142e-16	2.918466e-18	-6.527550e-16	6.556734e-16
4.5           	9.575982e+00	4.787991e+00	4.787991e+00	1.083364e+00	4.406224e+02	-4.395391e+02	4.400807e+02	-4.561152e-15	-6.758481e-16	2.938696e-18	-6.743788e-16	6.773175e-16
4.51          	9.561059e+00	4.780529e+00	4.780529e+00	1.144528e+00	4.388355e+02	-4.376910e+02	4.382632e+02	-4.577062e-15	-6.877698e-16	2.950991e-18	-6.862943e-16	6.892453e-16
4.52          	9.541926e+00	4.770963e+00	4.770963e+00	1.223636e+00	4.365329e+02	-4.353092e+02	4.359211e+02	-4.590481e-15	-6.965525e-16	2.962838e-18	-6.950711e-16	6.980339e-16
4.53          	9.541643e+00	4.770821e+00	4.770821e+00	1.289491e+00	4.353675e+02	-4.340780e+02	4.347227e+02	-4.609026e-15	-7.063671e-16	2.986165e-18	-7.048740e-16	7.078602e-16
4.54          	9.540257e+00	4.770129e+00	4.770129e+00	1.339441e+00	4.344280e+02	-4.330885e+02	4.337582e+02	-4.628809e-15	-7.108066e-16	3.012503e-18	-7.093004e-16	7.123129e-16
4.55          	9.548971e+00	4.774486e+00	4.774486e+00	1.256839e+00	4.362934e+02	-4.350366e+02	4.356650e+02	-4.638947e-15	-7.333458e-16	3.051204e-18	-7.318202e-16	7.348714e-16
4.56          	9.587099e+00	4.793550e+00	4.793550e+00	1.155998e+00	4.398904e+02	-4.387344e+02	4.393124e+02	-4.641870e-15	-7.504879e-16	3.087025e-18	-7.489444e-16	7.520315e-16
4.57          	9.669783e+00	4.834892e+00	4.834892e+00	9.788645e-01	4.469618e+02	-4.459829e+02	4.464723e+02	-4.644395e-15	-7.523063e-16	3.131503e-18	-7.507405e-16	7.538720e-16
4.58          	9.818079e+00	4.909039e+00	4.909039e+00	8.932702e-01	4.555811e+02	-4.546878e+02	4.551345e+02	-4.630179e-15	-7.307224e-16	3.162808e-18	-7.291410e-16	7.323038e-16
4.59          	9.756817e+00	4.878408e+00	4.878408e+00	1.420008e+00	4.434262e+02	-4.420062e+02	4.427162e+02	-4.633213e-15	-7.011202e-16	3.114783e-18	-6.995628e-16	7.026776e-16
4.6           	9.689549e+00	4.844775e+00	4.844775e+00	1.789248e+00	4.337396e+02	-4.319503e+02	4.328450e+02	-4.658137e-15	-6.797751e-16	3.090785e-18	-6.782297e-16	6.813205e-16
4.61          	9.709552e+00	4.854776e+00	4.854776e+00	1.994113e+00	4.311190e+02	-4.291249e+02	4.301220e+02	-4.681856e-15	-6.233975e-16	3.085807e-18	-6.218546e-16	6.249404e-16
4.62          	9.764360e+00	4.882180e+00	4.882180e+00	1.800878e+00	4.371365e+02	-4.353356e+02	4.362361e+02	-4.665137e-15	-6.435899e-16	3.123476e-18	-6.420282e-16	6.451517e-16
4.63          	9.729009e+00	4.864504e+00	4.864504e+00	1.814236e+00	4.352113e+02	-4.333971e+02	4.343042e+02	-4.641256e-15	-6.996256e-16	3.132869e-18	-6.980591e-16	7.011920e-16
4.64          	9.647396e+00	4.823698e+00	4.823698e+00	1.849454e+00	4.306833e+02	-4.288339e+02	4.297586e+02	-4.613108e-15	-8.017761e-16	3.142594e-18	-8.002048e-16	8.033474e-16
4.65          	9.602896e+00	4.801448e+00	4.801448e+00	1.917729e+00	4.273587e+02	-4.254410e+02	4.263998e+02	-4.606567e-15	-8.365557e-16	3.149485e-18	-8.349810e-16	8.381305e-16
4.66          	9.692819e+00	4.846409e+00	4.846409e+00	2.035499e+00	4.296207e+02	-4.275852e+02	4.286030e+02	-4.589507e-15	-8.140667e-16	3.147504e-18	-8.124929e-16	8.156404e-16
4.67          	9.783034e+00	4.891517e+00	4.891517e+00	1.985937e+00	4.348257e+02	-4.328398e+02	4.338327e+02	-4.566470e-15	-8.026357e-16	3.163491e-18	-8.010539e-16	8.042174e-16
4.68          	1.008597e+01	5.042987e+00	5.042987e+00	2.183108e+00	4.459241e+02	-4.437410e+02	4.448326e+02	-4.554442e-15	-7.301090e-16	3.154681e-18	-7.285316e-16	7.316863e-16
4.69          	1.018356e+01	5.091782e+00	5.091782e+00	2.227814e+00	4.498343e+02	-4.476065e+02	4.487204e+02	-4.538353e-15	-6.882917e-16	3.159270e-18	-6.867121e-16	6.898713e-16
4.7           	1.024557e+01	5.122783e+00	5.122783e+00	2.231836e+00	4.527489e+02	-4.505171e+02	4.516330e+02	-4.521589e-15	-6.725418e-16	3.166912e-18	-6.709583e-16	6.741252e-16
4.71          	1.033951e+01	5.169757e+00	5.169757e+00	2.271121e+00	4.565802e+02	-4.543091e+02	4.554447e+02	-4.505850e-15	-6.532994e-16	3.171462e-18	-6.517137e-16	6.548851e-16
4.72          	1.049297e+01	5.246486e+00	5.246486e+00	2.348909e+00	4.625947e+02	-4.602458e+02	4.614203e+02	-4.497842e-15	-6.102160e-16	3.172500e-18	-6.086297e-16	6.118022e-16
4.73          	1.060229e+01	5.301147e+00	5.301147e+00	2.430341e+00	4.664275e+02	-4.639972e+02	4.652124e+02	-4.484178e-15	-5.760133e-16	3.168096e-18	-5.744292e-16	5.775973e-16
4.74          	1.064940e+01	5.324699e+00	5.324699e+00	2.500496e+00	4.674716e+02	-4.649711e+02	4.662213e+02	-4.465016e-15	-5.598793e-16	3.161205e-18	-5.582987e-16	5.614599e-16
4.75          	1.069889e+01	5.349446e+00	5.349446e+00	2.583777e+00	4.684011e+02	-4.658173e+02	4.671092e+02	-4.443174e-15	-5.411686e-16	3.151233e-18	-5.395930e-16	5.427443e-16
4.76          	1.060702e+01	5.303510e+00	5.303510e+00	2.710640e+00	4.617826e+02	-4.590720e+02	4.604273e+02	-4.429993e-15	-5.462144e-16	3.127617e-18	-5.446506e-16	5.477782e-16
4.77          	1.060686e+01	5.303430e+00	5.303430e+00	2.844349e+00	4.594469e+02	-4.566026e+02	4.580247e+02	-4.423272e-15	-5.462702e-16	3.109457e-18	-5.447154e-16	5.478249e-16
4.78          	1.056105e+01	5.280524e+00	5.280524e+00	2.952422e+00	4.553688e+02	-4.524164e+02	4.538926e+02	-4.388348e-15	-5.294045e-16	3.082244e-18	-5.278633e-16	5.309456e-16
4.79          	1.043676e+01	5.218379e+00	5.218379e+00	3.075270e+00	4.472655e+02	-4.441902e+02	4.457278e+02	-4.362597e-15	-5.320903e-16	3.050225e-18	-5.305652e-16	5.336154e-16
4.8           	1.032617e+01	5.163083e+00	5.163083e+00	3.184719e+00	4.400543e+02	-4.368696e+02	4.384620e+02	-4.334888e-15	-5.350681e-16	3.019031e-18	-5.335586e-16	5.365776e-16
4.81          	1.042669e+01	5.213346e+00	5.213346e+00	3.240888e+00	4.439095e+02	-4.406686e+02	4.422891e+02	-4.300318e-15	-5.072609e-16	3.001333e-18	-5.057602e-16	5.087615e-16
4.82          	1.045665e+01	5.228326e+00	5.228326e+00	3.307693e+00	4.441915e+02	-4.408838e+02	4.425376e+02	-4.270090e-15	-4.911695e-16	2.979294e-18	-4.896798e-16	4.926591e-16
4.83          	1.034305e+01	5.171527e+00	5.171527e+00	3.340613e+00	4.381758e+02	-4.348352e+02	4.365055e+02	-4.237350e-15	-4.965240e-16	2.951733e-18	-4.950482e-16	4.979999e-16
4.84          	1.024148e+01	5.120741e+00	5.120741e+00	3.283537e+00	4.343124e+02	-4.310288e+02	4.326706e+02	-4.195336e-15	-5.066678e-16	2.928768e-18	-5.052034e-16	5.081322e-16
4.85          	1.015751e+01	5.078755e+00	5.078755e+00	3.301490e+00	4.299808e+02	-4.266793e+02	4.283300e+02	-4.158349e-15	-5.112529e-16	2.902538e-18	-5.098016e-16	5.127042e-16
4.86          	1.000947e+01	5.004736e+00	5.004736e+00	3.289297e+00	4.231015e+02	-4.198122e+02	4.214568e+02	-4.120520e-15	-5.141486e-16	2.873192e-18	-5.127120e-16	5.155852e-16
4.87          	9.910153e+00	4.955077e+00	4.955077e+00	3.239995e+00	4.192102e+02	-4.159702e+02	4.175902e+02	-4.078820e-15	-5.247441e-16	2.848985e-18	-5.233196e-16	5.261686e-16
4.88          	9.829673e+00	4.914836e+00	4.914836e+00	3.256118e+00	4.150780e+02	-4.118219e+02	4.134499e+02	-4.028877e-15	-5.282934e-16	2.817134e-18	-5.268848e-16	5.297019e-16
4.89          	9.723474e+00	4.861737e+00	4.861737e+00	3.192795e+00	4.111015e+02	-4.079087e+02	4.095051e+02	-3.982784e-15	-5.384426e-16	2.794165e-18	-5.370455e-16	5.398397e-16
4.9           	9.638679e+00	4.819339e+00	4.819339e+00	3.125698e+00	4.082183e+02	-4.050926e+02	4.066554e+02	-3.932111e-15	-5.458448e-16	2.771510e-18	-5.444590e-16	5.472305e-16
4.91          	9.607203e+00	4.803601e+00	4.803601e+00	3.036796e+00	4.082757e+02	-4.052389e+02	4.067573e+02	-3.871762e-15	-5.431627e-16	2.750034e-18	-5.417877e-16	5.445378e-16
4.92          	9.545112e+00	4.772556e+00	4.772556e+00	2.973666e+00	4.064124e+02	-4.034388e+02	4.049256e+02	-3.815416e-15	-5.475362e-16	2.726842e-18	-5.461728e-16	5.488997e-16
4.93          	9.548408e+00	4.774204e+00	4.774204e+00	2.890001e+00	4.080467e+02	-4.051567e+02	4.066017e+02	-3.748728e-15	-5.399690e-16	2.705088e-18	-5.386164e-16	5.413215e-16
4.94          	9.486040e+00	4.743020e+00	4.743020e+00	2.860169e+00	4.055868e+02	-4.027266e+02	4.041567e+02	-3.694361e-15	-5.487408e-16	2.681584e-18	-5.474000e-16	5.500816e-16
4.95          	9.435313e+00	4.717656e+00	4.717656e+00	2.828123e+00	4.037240e+02	-4.008958e+02	4.023099e+02	-3.626406e-15	-5.477076e-16	2.655993e-18	-5.463796e-16	5.490356e-16
4.96          	9.394289e+00	4.697145e+00	4.697145e+00	2.819769e+00	4.019119e+02	-3.990921e+02	4.005020e+02	-3.572484e-15	-5.559573e-16	2.631712e-18	-5.546414e-16	5.572732e-16
4.97          	9.043257e+00	4.521628e+00	4.521628e+00	2.765821e+00	3.860168e+02	-3.832510e+02	3.846339e+02	-3.531998e-15	-6.195475e-16	2.594293e-18	-6.182503e-16	6.208446e-16
4.98          	8.986331e+00	4.493165e+00	4.493165e+00	2.794292e+00	3.827961e+02	-3.800018e+02	3.813989e+02	-3.475528e-15	-6.216527e-16	2.563579e-18	-6.203709e-16	6.229345e-16
4.99          	8.990722e+00	4.495361e+00	4.495361e+00	2.916630e+00	3.808754e+02	-3.779588e+02	3.794171e+02	-3.427888e-15	-6.063671e-16	2.526390e-18	-6.051039e-16	6.076303e-16
5             	8.904449e+00	4.452225e+00	4.452225e+00	2.848692e+00	3.779323e+02	-3.750836e+02	3.765080e+02	-3.371930e-15	-6.099364e-16	2.504584e-18	-6.086841e-16	6.111887e-16
