# Force       
# CofR        : (2.000000e-01 2.000000e-01 5.000000e-02)
#
# Time        	total_x total_y total_z	pressure_x pressure_y pressure_z	viscous_x viscous_y viscous_z
0.01           3.820731e-02 -1.658767e-04 -1.629837e-20 3.671087e-02 -1.682718e-04 8.163319e-22 1.496436e-03 2.395060e-06 -1.711471e-20
0.02           1.767192e-03 1.321481e-04 3.085969e-23 5.589889e-04 1.291910e-04 4.952284e-23 1.208203e-03 2.957151e-06 -1.866315e-23
0.03           2.247286e-03 -2.403326e-06 9.834895e-23 1.241616e-03 1.449678e-06 1.006848e-22 1.005670e-03 -3.853005e-06 -2.335870e-24
0.04           1.934245e-03 -6.308238e-06 8.340792e-23 1.061418e-03 8.080366e-09 7.545528e-23 8.728268e-04 -6.316318e-06 7.952640e-24
0.05           1.738245e-03 -1.138069e-05 8.093770e-23 9.576869e-04 -4.056867e-06 6.644539e-23 7.805582e-04 -7.323824e-06 1.449231e-23
0.06           1.597354e-03 -1.416001e-05 8.055894e-23 8.839459e-04 -6.472743e-06 6.124455e-23 7.134085e-04 -7.687264e-06 1.931438e-23
0.07           1.491817e-03 -1.556781e-05 8.118259e-23 8.291409e-04 -7.855536e-06 5.807620e-23 6.626758e-04 -7.712271e-06 2.310639e-23
0.08           1.410337e-03 -1.656098e-05 8.227432e-23 7.871870e-04 -8.996358e-06 5.600430e-23 6.231504e-04 -7.564618e-06 2.627002e-23
0.09           1.346288e-03 -1.689044e-05 8.356956e-23 7.547184e-04 -9.570221e-06 5.446734e-23 5.915701e-04 -7.320215e-06 2.910222e-23
0.1            1.294363e-03 -1.684005e-05 8.499969e-23 7.285829e-04 -9.816011e-06 5.334078e-23 5.657799e-04 -7.024044e-06 3.165892e-23
0.11           1.251865e-03 -1.692737e-05 8.656140e-23 7.075266e-04 -1.021191e-05 5.251820e-23 5.443388e-04 -6.715467e-06 3.404320e-23
0.12           1.216759e-03 -1.660176e-05 8.805167e-23 6.905089e-04 -1.020702e-05 5.184975e-23 5.262502e-04 -6.394748e-06 3.620192e-23
0.13           1.187190e-03 -1.628289e-05 8.956181e-23 6.764026e-04 -1.019559e-05 5.130839e-23 5.107878e-04 -6.087306e-06 3.825342e-23
0.14           1.162146e-03 -1.599963e-05 9.109330e-23 6.647180e-04 -1.019860e-05 5.088080e-23 4.974281e-04 -5.801026e-06 4.021250e-23
0.15           1.140693e-03 -1.562747e-05 9.261699e-23 6.549146e-04 -1.009524e-05 5.053497e-23 4.857785e-04 -5.532232e-06 4.208203e-23
0.16           1.122397e-03 -1.529091e-05 9.413975e-23 6.468499e-04 -1.000256e-05 5.024843e-23 4.755473e-04 -5.288354e-06 4.389132e-23
0.17           1.106658e-03 -1.501734e-05 9.567521e-23 6.401526e-04 -9.948954e-06 5.002569e-23 4.665059e-04 -5.068389e-06 4.564952e-23
0.18           1.093142e-03 -1.474373e-05 9.722192e-23 6.346646e-04 -9.874220e-06 4.987280e-23 4.584771e-04 -4.869506e-06 4.734911e-23
0.19           1.081396e-03 -1.442980e-05 9.873955e-23 6.300825e-04 -9.741975e-06 4.973715e-23 4.513133e-04 -4.687829e-06 4.900239e-23
0.2            1.071272e-03 -1.419648e-05 1.002910e-22 6.263722e-04 -9.671107e-06 4.964894e-23 4.448999e-04 -4.525376e-06 5.064210e-23
0.21           1.062561e-03 -1.398247e-05 1.018674e-22 6.234181e-04 -9.600721e-06 4.962037e-23 4.391427e-04 -4.381753e-06 5.224707e-23
0.22           1.055214e-03 -1.364520e-05 1.034174e-22 6.212449e-04 -9.399330e-06 4.959667e-23 4.339693e-04 -4.245868e-06 5.382069e-23
0.23           1.048791e-03 -1.354037e-05 1.049242e-22 6.194846e-04 -9.417605e-06 4.952173e-23 4.293062e-04 -4.122764e-06 5.540242e-23
0.24           1.043164e-03 -1.354384e-05 1.064171e-22 6.180646e-04 -9.525383e-06 4.947446e-23 4.250994e-04 -4.018459e-06 5.694261e-23
0.25           1.038616e-03 -1.340233e-05 1.079578e-22 6.173167e-04 -9.477215e-06 4.948122e-23 4.212996e-04 -3.925111e-06 5.847656e-23
0.26           1.034801e-03 -1.321716e-05 1.095263e-22 6.169404e-04 -9.377934e-06 4.953921e-23 4.178607e-04 -3.839228e-06 5.998705e-23
0.27           1.031644e-03 -1.308486e-05 1.110910e-22 6.168847e-04 -9.320289e-06 4.960226e-23 4.147594e-04 -3.764568e-06 6.148873e-23
0.28           1.029152e-03 -1.300928e-05 1.126749e-22 6.171820e-04 -9.309904e-06 4.969019e-23 4.119701e-04 -3.699376e-06 6.298475e-23
0.29           1.027300e-03 -1.283929e-05 1.142616e-22 6.178380e-04 -9.200954e-06 4.979694e-23 4.094616e-04 -3.638334e-06 6.446467e-23
0.3            1.025786e-03 -1.275670e-05 1.158451e-22 6.186010e-04 -9.163197e-06 4.991159e-23 4.071847e-04 -3.593498e-06 6.593354e-23
0.31           1.024760e-03 -1.269353e-05 1.174426e-22 6.196388e-04 -9.130030e-06 5.006254e-23 4.051207e-04 -3.563503e-06 6.738003e-23
0.32           1.024160e-03 -1.266059e-05 1.190376e-22 6.208778e-04 -9.120646e-06 5.023257e-23 4.032825e-04 -3.539947e-06 6.880501e-23
0.33           1.023909e-03 -1.259689e-05 1.206404e-22 6.222428e-04 -9.071063e-06 5.041785e-23 4.016661e-04 -3.525827e-06 7.022256e-23
0.34           1.024059e-03 -1.258900e-05 1.222271e-22 6.238341e-04 -9.077964e-06 5.060226e-23 4.002253e-04 -3.511038e-06 7.162485e-23
0.35           1.024541e-03 -1.249398e-05 1.237981e-22 6.255999e-04 -8.998656e-06 5.076732e-23 3.989410e-04 -3.495327e-06 7.303078e-23
0.36           1.025282e-03 -1.261100e-05 1.254150e-22 6.274730e-04 -9.127834e-06 5.100771e-23 3.978094e-04 -3.483166e-06 7.440732e-23
0.37           1.026228e-03 -1.253814e-05 1.268749e-22 6.294043e-04 -9.061962e-06 5.110365e-23 3.968236e-04 -3.476178e-06 7.577127e-23
0.38           1.027363e-03 -1.244963e-05 1.282889e-22 6.313853e-04 -8.973944e-06 5.118764e-23 3.959780e-04 -3.475689e-06 7.710124e-23
0.39           1.028751e-03 -1.227500e-05 1.297796e-22 6.335026e-04 -8.807386e-06 5.139760e-23 3.952486e-04 -3.467615e-06 7.838201e-23
0.4            1.030271e-03 -1.233997e-05 1.313229e-22 6.356579e-04 -8.883259e-06 5.170281e-23 3.946136e-04 -3.456715e-06 7.962006e-23
0.41           1.032025e-03 -1.229555e-05 1.328508e-22 6.379552e-04 -8.853502e-06 5.200327e-23 3.940703e-04 -3.442050e-06 8.084754e-23
0.42           1.033990e-03 -1.221829e-05 1.343633e-22 6.403744e-04 -8.795899e-06 5.231015e-23 3.936157e-04 -3.422389e-06 8.205312e-23
0.43           1.035948e-03 -1.215966e-05 1.358125e-22 6.426998e-04 -8.754194e-06 5.259529e-23 3.932485e-04 -3.405464e-06 8.321723e-23
0.44           1.037981e-03 -1.207092e-05 1.372064e-22 6.450163e-04 -8.680560e-06 5.285944e-23 3.929650e-04 -3.390362e-06 8.434693e-23
0.45           1.040179e-03 -1.202099e-05 1.385760e-22 6.474198e-04 -8.642141e-06 5.313561e-23 3.927593e-04 -3.378853e-06 8.544042e-23
0.46           1.042404e-03 -1.200995e-05 1.398882e-22 6.497824e-04 -8.638235e-06 5.338514e-23 3.926220e-04 -3.371712e-06 8.650306e-23
0.47           1.044731e-03 -1.188597e-05 1.411610e-22 6.521809e-04 -8.524323e-06 5.364881e-23 3.925498e-04 -3.361644e-06 8.751220e-23
0.48           1.047057e-03 -1.186351e-05 1.424123e-22 6.545229e-04 -8.511475e-06 5.394891e-23 3.925341e-04 -3.352039e-06 8.846344e-23
0.49           1.049391e-03 -1.182143e-05 1.435783e-22 6.568270e-04 -8.477203e-06 5.420927e-23 3.925644e-04 -3.344228e-06 8.936906e-23
0.5            1.051789e-03 -1.175772e-05 1.447014e-22 6.591489e-04 -8.423606e-06 5.445133e-23 3.926402e-04 -3.334117e-06 9.025006e-23
0.51           1.054319e-03 -1.163502e-05 1.457837e-22 6.615577e-04 -8.316893e-06 5.465376e-23 3.927616e-04 -3.318125e-06 9.112996e-23
0.52           1.056739e-03 -1.163372e-05 1.468588e-22 6.638157e-04 -8.328441e-06 5.492717e-23 3.929237e-04 -3.305279e-06 9.193159e-23
0.53           1.059154e-03 -1.153898e-05 1.478576e-22 6.660336e-04 -8.241469e-06 5.517350e-23 3.931204e-04 -3.297516e-06 9.268408e-23
0.54           1.061550e-03 -1.150565e-05 1.488134e-22 6.682078e-04 -8.214187e-06 5.542533e-23 3.933419e-04 -3.291461e-06 9.338807e-23
0.55           1.063919e-03 -1.141776e-05 1.496965e-22 6.703355e-04 -8.134446e-06 5.562872e-23 3.935839e-04 -3.283314e-06 9.406779e-23
0.56           1.066252e-03 -1.131907e-05 1.505334e-22 6.724077e-04 -8.046185e-06 5.583410e-23 3.938438e-04 -3.272888e-06 9.469926e-23
0.57           1.068660e-03 -1.116452e-05 1.513434e-22 6.745334e-04 -7.902751e-06 5.604629e-23 3.941271e-04 -3.261765e-06 9.529707e-23
0.58           1.070944e-03 -1.105263e-05 1.520771e-22 6.765187e-04 -7.801509e-06 5.621841e-23 3.944252e-04 -3.251122e-06 9.585867e-23
0.59           1.073152e-03 -1.095942e-05 1.527642e-22 6.784192e-04 -7.718282e-06 5.638559e-23 3.947324e-04 -3.241138e-06 9.637858e-23
0.6            1.075264e-03 -1.087149e-05 1.534210e-22 6.802171e-04 -7.638372e-06 5.656722e-23 3.950467e-04 -3.233117e-06 9.685378e-23
0.61           1.077294e-03 -1.082150e-05 1.540337e-22 6.819284e-04 -7.593912e-06 5.675434e-23 3.953652e-04 -3.227584e-06 9.727940e-23
0.62           1.079335e-03 -1.078246e-05 1.545979e-22 6.836458e-04 -7.557121e-06 5.691150e-23 3.956894e-04 -3.225343e-06 9.768636e-23
0.63           1.081258e-03 -1.069333e-05 1.551072e-22 6.852426e-04 -7.469581e-06 5.704350e-23 3.960156e-04 -3.223745e-06 9.806367e-23
0.64           1.083196e-03 -1.062722e-05 1.555838e-22 6.868552e-04 -7.411024e-06 5.716104e-23 3.963403e-04 -3.216198e-06 9.842273e-23
0.65           1.085081e-03 -1.054721e-05 1.560705e-22 6.884196e-04 -7.345716e-06 5.732828e-23 3.966614e-04 -3.201491e-06 9.874226e-23
0.66           1.086859e-03 -1.045138e-05 1.565018e-22 6.898830e-04 -7.265063e-06 5.745425e-23 3.969762e-04 -3.186322e-06 9.904753e-23
0.67           1.088589e-03 -1.037426e-05 1.569023e-22 6.913034e-04 -7.204134e-06 5.757048e-23 3.972858e-04 -3.170130e-06 9.933178e-23
0.68           1.090234e-03 -1.027153e-05 1.572525e-22 6.926455e-04 -7.118030e-06 5.765530e-23 3.975881e-04 -3.153495e-06 9.959723e-23
0.69           1.091821e-03 -1.024196e-05 1.575932e-22 6.939347e-04 -7.102493e-06 5.775782e-23 3.978860e-04 -3.139468e-06 9.983538e-23
0.7            1.093316e-03 -1.017464e-05 1.579174e-22 6.951390e-04 -7.049154e-06 5.785957e-23 3.981773e-04 -3.125484e-06 1.000578e-22
0.71           1.094744e-03 -1.011921e-05 1.582176e-22 6.962828e-04 -7.007413e-06 5.794950e-23 3.984609e-04 -3.111792e-06 1.002681e-22
0.72           1.096090e-03 -1.001427e-05 1.584910e-22 6.973582e-04 -6.921556e-06 5.802707e-23 3.987315e-04 -3.092710e-06 1.004639e-22
0.73           1.097368e-03 -9.961305e-06 1.587619e-22 6.983805e-04 -6.891844e-06 5.812287e-23 3.989879e-04 -3.069461e-06 1.006390e-22
0.74           1.098581e-03 -9.827789e-06 1.589700e-22 6.993458e-04 -6.784081e-06 5.816055e-23 3.992351e-04 -3.043708e-06 1.008095e-22
0.75           1.099734e-03 -9.765496e-06 1.591907e-22 7.002586e-04 -6.744686e-06 5.822091e-23 3.994750e-04 -3.020809e-06 1.009698e-22
0.76           1.100803e-03 -9.734314e-06 1.593912e-22 7.010970e-04 -6.733484e-06 5.827268e-23 3.997058e-04 -3.000830e-06 1.011185e-22
0.77           1.101827e-03 -9.681995e-06 1.595753e-22 7.018996e-04 -6.700044e-06 5.831270e-23 3.999277e-04 -2.981951e-06 1.012626e-22
0.78           1.102783e-03 -9.625798e-06 1.597445e-22 7.026421e-04 -6.661951e-06 5.834612e-23 4.001404e-04 -2.963847e-06 1.013984e-22
0.79           1.103693e-03 -9.566013e-06 1.599053e-22 7.033484e-04 -6.619819e-06 5.837494e-23 4.003441e-04 -2.946194e-06 1.015303e-22
0.8            1.104528e-03 -9.492259e-06 1.600478e-22 7.039901e-04 -6.563932e-06 5.840127e-23 4.005381e-04 -2.928327e-06 1.016465e-22
0.81           1.105314e-03 -9.483040e-06 1.601802e-22 7.045908e-04 -6.570293e-06 5.842752e-23 4.007228e-04 -2.912748e-06 1.017527e-22
0.82           1.106047e-03 -9.459200e-06 1.603097e-22 7.051493e-04 -6.560626e-06 5.845232e-23 4.008979e-04 -2.898574e-06 1.018574e-22
0.83           1.106739e-03 -9.430531e-06 1.604285e-22 7.056747e-04 -6.545372e-06 5.846650e-23 4.010638e-04 -2.885159e-06 1.019620e-22
0.84           1.107382e-03 -9.496990e-06 1.605528e-22 7.061606e-04 -6.620939e-06 5.850232e-23 4.012214e-04 -2.876051e-06 1.020505e-22
0.85           1.107977e-03 -9.456067e-06 1.606531e-22 7.066070e-04 -6.589876e-06 5.850525e-23 4.013695e-04 -2.866191e-06 1.021478e-22
0.86           1.108457e-03 -9.448791e-06 1.607556e-22 7.069503e-04 -6.591532e-06 5.852063e-23 4.015065e-04 -2.857259e-06 1.022350e-22
0.87           1.108879e-03 -9.443098e-06 1.608514e-22 7.072462e-04 -6.594130e-06 5.853645e-23 4.016326e-04 -2.848968e-06 1.023150e-22
0.88           1.109318e-03 -9.426095e-06 1.609412e-22 7.075670e-04 -6.585314e-06 5.854519e-23 4.017506e-04 -2.840781e-06 1.023960e-22
0.89           1.109766e-03 -9.427961e-06 1.610329e-22 7.079031e-04 -6.594446e-06 5.855021e-23 4.018627e-04 -2.833515e-06 1.024827e-22
0.9            1.110155e-03 -9.439405e-06 1.611159e-22 7.081875e-04 -6.611999e-06 5.855063e-23 4.019674e-04 -2.827406e-06 1.025653e-22
0.91           1.110491e-03 -9.451282e-06 1.611914e-22 7.084269e-04 -6.629033e-06 5.854586e-23 4.020642e-04 -2.822249e-06 1.026455e-22
0.92           1.110790e-03 -9.454060e-06 1.612650e-22 7.086367e-04 -6.636507e-06 5.854208e-23 4.021534e-04 -2.817553e-06 1.027229e-22
0.93           1.111067e-03 -9.496709e-06 1.613425e-22 7.088309e-04 -6.681897e-06 5.854751e-23 4.022360e-04 -2.814812e-06 1.027950e-22
0.94           1.111316e-03 -9.517040e-06 1.614140e-22 7.090044e-04 -6.704270e-06 5.854639e-23 4.023120e-04 -2.812770e-06 1.028676e-22
0.95           1.111534e-03 -9.531036e-06 1.614790e-22 7.091526e-04 -6.719984e-06 5.853742e-23 4.023815e-04 -2.811052e-06 1.029416e-22
0.96           1.111730e-03 -9.572256e-06 1.615477e-22 7.092849e-04 -6.761482e-06 5.853630e-23 4.024450e-04 -2.810774e-06 1.030114e-22
0.97           1.111892e-03 -9.625074e-06 1.616131e-22 7.093897e-04 -6.813024e-06 5.853424e-23 4.025025e-04 -2.812050e-06 1.030789e-22
0.98           1.112042e-03 -9.650856e-06 1.616769e-22 7.094879e-04 -6.837257e-06 5.853067e-23 4.025546e-04 -2.813599e-06 1.031462e-22
0.99           1.112173e-03 -9.664840e-06 1.617377e-22 7.095712e-04 -6.849937e-06 5.852410e-23 4.026016e-04 -2.814903e-06 1.032136e-22
1              1.112285e-03 -9.720942e-06 1.617998e-22 7.096408e-04 -6.903167e-06 5.852353e-23 4.026437e-04 -2.817775e-06 1.032763e-22
1.01           1.112390e-03 -9.787720e-06 1.618655e-22 7.097084e-04 -6.965355e-06 5.852313e-23 4.026819e-04 -2.822365e-06 1.033423e-22
1.02           1.112464e-03 -9.851118e-06 1.619246e-22 7.097486e-04 -7.022949e-06 5.852157e-23 4.027153e-04 -2.828170e-06 1.034030e-22
1.03           1.112524e-03 -9.891853e-06 1.619824e-22 7.097799e-04 -7.057778e-06 5.851727e-23 4.027445e-04 -2.834076e-06 1.034651e-22
1.04           1.112587e-03 -9.950781e-06 1.620415e-22 7.098172e-04 -7.109982e-06 5.851539e-23 4.027703e-04 -2.840799e-06 1.035261e-22
1.05           1.112623e-03 -9.995538e-06 1.620958e-22 7.098310e-04 -7.147798e-06 5.850776e-23 4.027925e-04 -2.847740e-06 1.035880e-22
1.06           1.112666e-03 -1.006178e-05 1.621522e-22 7.098542e-04 -7.206053e-06 5.850461e-23 4.028118e-04 -2.855724e-06 1.036476e-22
1.07           1.112686e-03 -1.012220e-05 1.622080e-22 7.098578e-04 -7.257803e-06 5.850175e-23 4.028279e-04 -2.864392e-06 1.037063e-22
1.08           1.112702e-03 -1.018315e-05 1.622626e-22 7.098610e-04 -7.309511e-06 5.849932e-23 4.028412e-04 -2.873637e-06 1.037632e-22
1.09           1.112695e-03 -1.023254e-05 1.623158e-22 7.098437e-04 -7.349568e-06 5.849622e-23 4.028515e-04 -2.882973e-06 1.038196e-22
1.1            1.112689e-03 -1.028743e-05 1.623677e-22 7.098295e-04 -7.394841e-06 5.849306e-23 4.028591e-04 -2.892592e-06 1.038747e-22
1.11           1.112657e-03 -1.036852e-05 1.624176e-22 7.097931e-04 -7.465037e-06 5.849114e-23 4.028637e-04 -2.903484e-06 1.039265e-22
1.12           1.112616e-03 -1.045739e-05 1.624667e-22 7.097501e-04 -7.541626e-06 5.849014e-23 4.028655e-04 -2.915759e-06 1.039766e-22
1.13           1.112590e-03 -1.052252e-05 1.625170e-22 7.097241e-04 -7.594297e-06 5.848775e-23 4.028655e-04 -2.928225e-06 1.040293e-22
1.14           1.112554e-03 -1.059145e-05 1.625665e-22 7.096899e-04 -7.650433e-06 5.848561e-23 4.028637e-04 -2.941022e-06 1.040809e-22
1.15           1.112519e-03 -1.066335e-05 1.626150e-22 7.096591e-04 -7.709082e-06 5.848381e-23 4.028603e-04 -2.954266e-06 1.041312e-22
1.16           1.112471e-03 -1.072850e-05 1.626630e-22 7.096154e-04 -7.760825e-06 5.848195e-23 4.028551e-04 -2.967679e-06 1.041810e-22
1.17           1.112423e-03 -1.079795e-05 1.627105e-22 7.095741e-04 -7.816532e-06 5.848037e-23 4.028485e-04 -2.981419e-06 1.042301e-22
1.18           1.112373e-03 -1.086617e-05 1.627570e-22 7.095323e-04 -7.870749e-06 5.847895e-23 4.028406e-04 -2.995426e-06 1.042781e-22
1.19           1.112317e-03 -1.093447e-05 1.628024e-22 7.094860e-04 -7.924777e-06 5.847754e-23 4.028313e-04 -3.009689e-06 1.043249e-22
1.2            1.112259e-03 -1.100154e-05 1.628472e-22 7.094380e-04 -7.977388e-06 5.847620e-23 4.028207e-04 -3.024150e-06 1.043710e-22
1.21           1.112194e-03 -1.106733e-05 1.628908e-22 7.093854e-04 -8.028577e-06 5.847470e-23 4.028089e-04 -3.038749e-06 1.044161e-22
1.22           1.112137e-03 -1.113602e-05 1.629367e-22 7.093407e-04 -8.082394e-06 5.847419e-23 4.027964e-04 -3.053621e-06 1.044626e-22
1.23           1.112081e-03 -1.120207e-05 1.629797e-22 7.092974e-04 -8.133437e-06 5.847352e-23 4.027832e-04 -3.068637e-06 1.045062e-22
1.24           1.112020e-03 -1.126809e-05 1.630243e-22 7.092504e-04 -8.184285e-06 5.847309e-23 4.027693e-04 -3.083805e-06 1.045512e-22
1.25           1.111958e-03 -1.133034e-05 1.630659e-22 7.092029e-04 -8.231354e-06 5.847220e-23 4.027546e-04 -3.098981e-06 1.045937e-22
1.26           1.111880e-03 -1.139873e-05 1.631071e-22 7.091414e-04 -8.284300e-06 5.847152e-23 4.027388e-04 -3.114427e-06 1.046356e-22
1.27           1.111810e-03 -1.146112e-05 1.631473e-22 7.090872e-04 -8.331244e-06 5.847080e-23 4.027223e-04 -3.129879e-06 1.046765e-22
1.28           1.111732e-03 -1.152814e-05 1.631865e-22 7.090271e-04 -8.382600e-06 5.847031e-23 4.027050e-04 -3.145538e-06 1.047162e-22
1.29           1.111664e-03 -1.158427e-05 1.632262e-22 7.089764e-04 -8.423301e-06 5.846950e-23 4.026873e-04 -3.160972e-06 1.047567e-22
1.3            1.111593e-03 -1.164306e-05 1.632649e-22 7.089234e-04 -8.466705e-06 5.846882e-23 4.026691e-04 -3.176352e-06 1.047961e-22
1.31           1.111520e-03 -1.169870e-05 1.633029e-22 7.088698e-04 -8.507086e-06 5.846809e-23 4.026506e-04 -3.191615e-06 1.048348e-22
1.32           1.111446e-03 -1.175199e-05 1.633400e-22 7.088149e-04 -8.545273e-06 5.846719e-23 4.026316e-04 -3.206718e-06 1.048728e-22
1.33           1.111379e-03 -1.180772e-05 1.633782e-22 7.087667e-04 -8.585910e-06 5.846687e-23 4.026125e-04 -3.221813e-06 1.049113e-22
1.34           1.111308e-03 -1.185996e-05 1.634147e-22 7.087151e-04 -8.623170e-06 5.846636e-23 4.025931e-04 -3.236786e-06 1.049483e-22
1.35           1.111239e-03 -1.190966e-05 1.634513e-22 7.086656e-04 -8.658072e-06 5.846570e-23 4.025735e-04 -3.251585e-06 1.049856e-22
1.36           1.111162e-03 -1.195278e-05 1.634858e-22 7.086089e-04 -8.686769e-06 5.846465e-23 4.025535e-04 -3.266010e-06 1.050211e-22
1.37           1.111096e-03 -1.200531e-05 1.635210e-22 7.085622e-04 -8.724778e-06 5.846413e-23 4.025335e-04 -3.280530e-06 1.050569e-22
1.38           1.111030e-03 -1.205537e-05 1.635559e-22 7.085164e-04 -8.760343e-06 5.846336e-23 4.025136e-04 -3.295030e-06 1.050925e-22
1.39           1.110960e-03 -1.209889e-05 1.635896e-22 7.084666e-04 -8.789632e-06 5.846230e-23 4.024935e-04 -3.309256e-06 1.051273e-22
1.4            1.110886e-03 -1.214221e-05 1.636224e-22 7.084131e-04 -8.818939e-06 5.846170e-23 4.024730e-04 -3.323274e-06 1.051607e-22
1.41           1.110815e-03 -1.218312e-05 1.636548e-22 7.083626e-04 -8.846072e-06 5.846078e-23 4.024525e-04 -3.337052e-06 1.051941e-22
1.42           1.110747e-03 -1.221823e-05 1.636869e-22 7.083146e-04 -8.867790e-06 5.845944e-23 4.024320e-04 -3.350444e-06 1.052274e-22
1.43           1.110677e-03 -1.225205e-05 1.637182e-22 7.082653e-04 -8.888575e-06 5.845804e-23 4.024113e-04 -3.363479e-06 1.052601e-22
1.44           1.110608e-03 -1.228367e-05 1.637490e-22 7.082169e-04 -8.907512e-06 5.845652e-23 4.023907e-04 -3.376157e-06 1.052924e-22
1.45           1.110540e-03 -1.231345e-05 1.637794e-22 7.081703e-04 -8.924959e-06 5.845487e-23 4.023701e-04 -3.388487e-06 1.053245e-22
1.46           1.110474e-03 -1.234085e-05 1.638092e-22 7.081242e-04 -8.940382e-06 5.845309e-23 4.023495e-04 -3.400464e-06 1.053561e-22
1.47           1.110408e-03 -1.236597e-05 1.638384e-22 7.080787e-04 -8.953902e-06 5.845120e-23 4.023290e-04 -3.412071e-06 1.053872e-22
1.48           1.110342e-03 -1.238894e-05 1.638672e-22 7.080337e-04 -8.965644e-06 5.844921e-23 4.023085e-04 -3.423301e-06 1.054180e-22
1.49           1.110277e-03 -1.240968e-05 1.638954e-22 7.079894e-04 -8.975533e-06 5.844706e-23 4.022881e-04 -3.434149e-06 1.054484e-22
1.5            1.110214e-03 -1.242825e-05 1.639232e-22 7.079458e-04 -8.983646e-06 5.844480e-23 4.022678e-04 -3.444603e-06 1.054784e-22
1.51           1.110150e-03 -1.244465e-05 1.639504e-22 7.079028e-04 -8.989991e-06 5.844239e-23 4.022476e-04 -3.454657e-06 1.055080e-22
1.52           1.110088e-03 -1.245875e-05 1.639771e-22 7.078602e-04 -8.994449e-06 5.843982e-23 4.022275e-04 -3.464301e-06 1.055372e-22
1.53           1.110026e-03 -1.247065e-05 1.640032e-22 7.078183e-04 -8.997127e-06 5.843714e-23 4.022075e-04 -3.473528e-06 1.055661e-22
1.54           1.109965e-03 -1.248038e-05 1.640290e-22 7.077771e-04 -8.998043e-06 5.843435e-23 4.021876e-04 -3.482334e-06 1.055946e-22
1.55           1.109904e-03 -1.248786e-05 1.640541e-22 7.077363e-04 -8.997146e-06 5.843142e-23 4.021678e-04 -3.490710e-06 1.056227e-22
1.56           1.109844e-03 -1.249310e-05 1.640787e-22 7.076963e-04 -8.994448e-06 5.842827e-23 4.021482e-04 -3.498650e-06 1.056504e-22
1.57           1.109787e-03 -1.249639e-05 1.641023e-22 7.076579e-04 -8.990237e-06 5.842503e-23 4.021287e-04 -3.506150e-06 1.056773e-22
1.58           1.109728e-03 -1.249709e-05 1.641260e-22 7.076189e-04 -8.983877e-06 5.842166e-23 4.021094e-04 -3.513210e-06 1.057043e-22
1.59           1.109671e-03 -1.249587e-05 1.641492e-22 7.075808e-04 -8.976051e-06 5.841814e-23 4.020902e-04 -3.519820e-06 1.057310e-22
1.6            1.109615e-03 -1.249260e-05 1.641719e-22 7.075433e-04 -8.966621e-06 5.841450e-23 4.020712e-04 -3.525981e-06 1.057574e-22
1.61           1.109559e-03 -1.248723e-05 1.641941e-22 7.075064e-04 -8.955539e-06 5.841072e-23 4.020523e-04 -3.531690e-06 1.057834e-22
1.62           1.109504e-03 -1.247984e-05 1.642159e-22 7.074701e-04 -8.942898e-06 5.840681e-23 4.020336e-04 -3.536946e-06 1.058091e-22
1.63           1.109449e-03 -1.247044e-05 1.642372e-22 7.074344e-04 -8.928691e-06 5.840278e-23 4.020150e-04 -3.541747e-06 1.058345e-22
1.64           1.109396e-03 -1.245907e-05 1.642581e-22 7.073993e-04 -8.912979e-06 5.839862e-23 4.019967e-04 -3.546094e-06 1.058595e-22
1.65           1.109343e-03 -1.244575e-05 1.642786e-22 7.073647e-04 -8.895765e-06 5.839436e-23 4.019785e-04 -3.549987e-06 1.058842e-22
1.66           1.109291e-03 -1.243054e-05 1.642986e-22 7.073307e-04 -8.877112e-06 5.838996e-23 4.019605e-04 -3.553428e-06 1.059086e-22
1.67           1.109240e-03 -1.241347e-05 1.643182e-22 7.072973e-04 -8.857049e-06 5.838548e-23 4.019427e-04 -3.556418e-06 1.059327e-22
1.68           1.109189e-03 -1.239458e-05 1.643373e-22 7.072644e-04 -8.835620e-06 5.838085e-23 4.019250e-04 -3.558959e-06 1.059564e-22
1.69           1.109140e-03 -1.237393e-05 1.643560e-22 7.072320e-04 -8.812879e-06 5.837613e-23 4.019075e-04 -3.561054e-06 1.059799e-22
1.7            1.109090e-03 -1.235159e-05 1.643743e-22 7.072002e-04 -8.788884e-06 5.837131e-23 4.018902e-04 -3.562707e-06 1.060030e-22
1.71           1.109042e-03 -1.232754e-05 1.643923e-22 7.071690e-04 -8.763622e-06 5.836640e-23 4.018731e-04 -3.563922e-06 1.060259e-22
1.72           1.108994e-03 -1.230186e-05 1.644098e-22 7.071382e-04 -8.737159e-06 5.836138e-23 4.018562e-04 -3.564704e-06 1.060484e-22
1.73           1.108947e-03 -1.227471e-05 1.644269e-22 7.071080e-04 -8.709640e-06 5.835631e-23 4.018395e-04 -3.565066e-06 1.060706e-22
1.74           1.108901e-03 -1.224589e-05 1.644436e-22 7.070783e-04 -8.680885e-06 5.835112e-23 4.018229e-04 -3.565003e-06 1.060925e-22
1.75           1.108856e-03 -1.221556e-05 1.644599e-22 7.070491e-04 -8.651040e-06 5.834584e-23 4.018065e-04 -3.564516e-06 1.061141e-22
1.76           1.108811e-03 -1.218375e-05 1.644759e-22 7.070203e-04 -8.620138e-06 5.834048e-23 4.017904e-04 -3.563610e-06 1.061354e-22
1.77           1.108766e-03 -1.215057e-05 1.644914e-22 7.069921e-04 -8.588279e-06 5.833504e-23 4.017744e-04 -3.562294e-06 1.061564e-22
1.78           1.108723e-03 -1.211611e-05 1.645067e-22 7.069643e-04 -8.555531e-06 5.832955e-23 4.017586e-04 -3.560576e-06 1.061771e-22
1.79           1.108680e-03 -1.208040e-05 1.645215e-22 7.069371e-04 -8.521935e-06 5.832400e-23 4.017429e-04 -3.558464e-06 1.061975e-22
1.8            1.108638e-03 -1.204357e-05 1.645361e-22 7.069102e-04 -8.487596e-06 5.831845e-23 4.017275e-04 -3.555975e-06 1.062176e-22
1.81           1.108596e-03 -1.200549e-05 1.645502e-22 7.068839e-04 -8.452379e-06 5.831278e-23 4.017122e-04 -3.553107e-06 1.062375e-22
1.82           1.108555e-03 -1.196625e-05 1.645641e-22 7.068580e-04 -8.416382e-06 5.830707e-23 4.016972e-04 -3.549867e-06 1.062570e-22
1.83           1.108515e-03 -1.192596e-05 1.645776e-22 7.068325e-04 -8.379696e-06 5.830132e-23 4.016823e-04 -3.546263e-06 1.062762e-22
1.84           1.108475e-03 -1.188465e-05 1.645907e-22 7.068075e-04 -8.342348e-06 5.829552e-23 4.016676e-04 -3.542304e-06 1.062952e-22
1.85           1.108435e-03 -1.184282e-05 1.646035e-22 7.067824e-04 -8.304803e-06 5.828972e-23 4.016530e-04 -3.538014e-06 1.063138e-22
1.86           1.108397e-03 -1.179987e-05 1.646160e-22 7.067581e-04 -8.266483e-06 5.828388e-23 4.016387e-04 -3.533389e-06 1.063322e-22
1.87           1.108359e-03 -1.175594e-05 1.646283e-22 7.067343e-04 -8.227508e-06 5.827800e-23 4.016245e-04 -3.528432e-06 1.063503e-22
1.88           1.108321e-03 -1.171120e-05 1.646402e-22 7.067109e-04 -8.188045e-06 5.827209e-23 4.016105e-04 -3.523153e-06 1.063681e-22
1.89           1.108285e-03 -1.166572e-05 1.646518e-22 7.066880e-04 -8.148154e-06 5.826618e-23 4.015967e-04 -3.517562e-06 1.063856e-22
1.9            1.108248e-03 -1.161955e-05 1.646631e-22 7.066654e-04 -8.107881e-06 5.826025e-23 4.015831e-04 -3.511669e-06 1.064029e-22
1.91           1.108213e-03 -1.157276e-05 1.646742e-22 7.066432e-04 -8.067277e-06 5.825431e-23 4.015696e-04 -3.505484e-06 1.064199e-22
1.92           1.108178e-03 -1.152541e-05 1.646850e-22 7.066214e-04 -8.026393e-06 5.824839e-23 4.015563e-04 -3.499019e-06 1.064366e-22
1.93           1.108143e-03 -1.147757e-05 1.646955e-22 7.066000e-04 -7.985283e-06 5.824246e-23 4.015432e-04 -3.492283e-06 1.064530e-22
1.94           1.108109e-03 -1.142926e-05 1.647057e-22 7.065789e-04 -7.943970e-06 5.823654e-23 4.015303e-04 -3.485286e-06 1.064692e-22
1.95           1.108076e-03 -1.138055e-05 1.647157e-22 7.065581e-04 -7.902506e-06 5.823064e-23 4.015175e-04 -3.478040e-06 1.064851e-22
1.96           1.108043e-03 -1.133149e-05 1.647254e-22 7.065377e-04 -7.860936e-06 5.822475e-23 4.015049e-04 -3.470554e-06 1.065007e-22
1.97           1.108010e-03 -1.128215e-05 1.647349e-22 7.065177e-04 -7.819310e-06 5.821890e-23 4.014925e-04 -3.462842e-06 1.065160e-22
1.98           1.107978e-03 -1.123257e-05 1.647442e-22 7.064979e-04 -7.777660e-06 5.821306e-23 4.014803e-04 -3.454912e-06 1.065311e-22
1.99           1.107947e-03 -1.118281e-05 1.647532e-22 7.064785e-04 -7.736030e-06 5.820726e-23 4.014682e-04 -3.446776e-06 1.065459e-22
2              1.107916e-03 -1.113291e-05 1.647620e-22 7.064594e-04 -7.694466e-06 5.820150e-23 4.014562e-04 -3.438446e-06 1.065605e-22
2.01           1.107885e-03 -1.108294e-05 1.647706e-22 7.064407e-04 -7.653003e-06 5.819578e-23 4.014445e-04 -3.429933e-06 1.065748e-22
2.02           1.107855e-03 -1.103292e-05 1.647789e-22 7.064222e-04 -7.611673e-06 5.819011e-23 4.014329e-04 -3.421247e-06 1.065888e-22
2.03           1.107825e-03 -1.098293e-05 1.647871e-22 7.064040e-04 -7.570530e-06 5.818447e-23 4.014214e-04 -3.412399e-06 1.066026e-22
2.04           1.107796e-03 -1.093302e-05 1.647950e-22 7.063862e-04 -7.529620e-06 5.817890e-23 4.014101e-04 -3.403403e-06 1.066161e-22
2.05           1.107768e-03 -1.088321e-05 1.648028e-22 7.063686e-04 -7.488948e-06 5.817338e-23 4.013990e-04 -3.394266e-06 1.066294e-22
2.06           1.107739e-03 -1.083359e-05 1.648104e-22 7.063514e-04 -7.448586e-06 5.816792e-23 4.013880e-04 -3.385002e-06 1.066424e-22
2.07           1.107711e-03 -1.078416e-05 1.648177e-22 7.063343e-04 -7.408540e-06 5.816252e-23 4.013771e-04 -3.375622e-06 1.066552e-22
2.08           1.107684e-03 -1.073505e-05 1.648249e-22 7.063176e-04 -7.368909e-06 5.815719e-23 4.013664e-04 -3.366138e-06 1.066677e-22
2.09           1.107657e-03 -1.068623e-05 1.648320e-22 7.063012e-04 -7.329667e-06 5.815193e-23 4.013559e-04 -3.356561e-06 1.066800e-22
2.1            1.107631e-03 -1.063784e-05 1.648388e-22 7.062850e-04 -7.290939e-06 5.814674e-23 4.013455e-04 -3.346905e-06 1.066921e-22
2.11           1.107604e-03 -1.058990e-05 1.648456e-22 7.062692e-04 -7.252719e-06 5.814165e-23 4.013352e-04 -3.337183e-06 1.067039e-22
2.12           1.107578e-03 -1.054182e-05 1.648520e-22 7.062528e-04 -7.214438e-06 5.813659e-23 4.013251e-04 -3.327380e-06 1.067154e-22
2.13           1.107552e-03 -1.049452e-05 1.648583e-22 7.062372e-04 -7.176999e-06 5.813162e-23 4.013151e-04 -3.317525e-06 1.067267e-22
2.14           1.107527e-03 -1.044747e-05 1.648645e-22 7.062219e-04 -7.139857e-06 5.812673e-23 4.013052e-04 -3.307617e-06 1.067378e-22
2.15           1.107502e-03 -1.040090e-05 1.648706e-22 7.062068e-04 -7.103231e-06 5.812191e-23 4.012955e-04 -3.297668e-06 1.067486e-22
2.16           1.107478e-03 -1.035539e-05 1.648765e-22 7.061921e-04 -7.067679e-06 5.811721e-23 4.012859e-04 -3.287708e-06 1.067593e-22
2.17           1.107454e-03 -1.031032e-05 1.648824e-22 7.061775e-04 -7.032587e-06 5.811260e-23 4.012764e-04 -3.277736e-06 1.067698e-22
2.18           1.107430e-03 -1.026594e-05 1.648881e-22 7.061633e-04 -6.998179e-06 5.810808e-23 4.012671e-04 -3.267766e-06 1.067800e-22
2.19           1.107407e-03 -1.022231e-05 1.648937e-22 7.061491e-04 -6.964505e-06 5.810368e-23 4.012579e-04 -3.257804e-06 1.067900e-22
2.2            1.107384e-03 -1.017933e-05 1.648992e-22 7.061354e-04 -6.931467e-06 5.809933e-23 4.012488e-04 -3.247859e-06 1.067998e-22
2.21           1.107360e-03 -1.013763e-05 1.649073e-22 7.061201e-04 -6.899664e-06 5.809510e-23 4.012398e-04 -3.237963e-06 1.068122e-22
2.22           1.107340e-03 -1.009447e-05 1.649095e-22 7.061086e-04 -6.866408e-06 5.809088e-23 4.012310e-04 -3.228065e-06 1.068186e-22
2.23           1.107317e-03 -1.005551e-05 1.649160e-22 7.060952e-04 -6.837283e-06 5.808694e-23 4.012223e-04 -3.218232e-06 1.068291e-22
2.24           1.107295e-03 -1.001450e-05 1.649201e-22 7.060816e-04 -6.806053e-06 5.808298e-23 4.012137e-04 -3.208443e-06 1.068371e-22
2.25           1.107275e-03 -9.975889e-06 1.649256e-22 7.060698e-04 -6.777179e-06 5.807913e-23 4.012052e-04 -3.198709e-06 1.068465e-22
2.26           1.107254e-03 -9.936993e-06 1.649301e-22 7.060567e-04 -6.747930e-06 5.807541e-23 4.011969e-04 -3.189063e-06 1.068547e-22
2.27           1.107233e-03 -9.899702e-06 1.649351e-22 7.060447e-04 -6.720219e-06 5.807178e-23 4.011887e-04 -3.179482e-06 1.068633e-22
2.28           1.107213e-03 -9.862810e-06 1.649397e-22 7.060328e-04 -6.692822e-06 5.806821e-23 4.011805e-04 -3.169988e-06 1.068715e-22
2.29           1.107193e-03 -9.827214e-06 1.649443e-22 7.060208e-04 -6.666627e-06 5.806481e-23 4.011725e-04 -3.160587e-06 1.068795e-22
2.3            1.107174e-03 -9.792450e-06 1.649489e-22 7.060090e-04 -6.641163e-06 5.806151e-23 4.011646e-04 -3.151287e-06 1.068874e-22
2.31           1.107154e-03 -9.758771e-06 1.649533e-22 7.059974e-04 -6.616674e-06 5.805833e-23 4.011569e-04 -3.142097e-06 1.068950e-22
2.32           1.107135e-03 -9.725957e-06 1.649577e-22 7.059859e-04 -6.592937e-06 5.805522e-23 4.011492e-04 -3.133020e-06 1.069025e-22
2.33           1.107116e-03 -9.694317e-06 1.649621e-22 7.059747e-04 -6.570249e-06 5.805227e-23 4.011416e-04 -3.124068e-06 1.069098e-22
2.34           1.107098e-03 -9.663521e-06 1.649664e-22 7.059636e-04 -6.548279e-06 5.804939e-23 4.011341e-04 -3.115242e-06 1.069170e-22
2.35           1.107079e-03 -9.633820e-06 1.649706e-22 7.059527e-04 -6.527269e-06 5.804665e-23 4.011268e-04 -3.106551e-06 1.069239e-22
2.36           1.107061e-03 -9.605161e-06 1.649748e-22 7.059420e-04 -6.507160e-06 5.804401e-23 4.011195e-04 -3.098001e-06 1.069308e-22
2.37           1.107044e-03 -9.577677e-06 1.649789e-22 7.059313e-04 -6.488078e-06 5.804146e-23 4.011123e-04 -3.089599e-06 1.069374e-22
2.38           1.107026e-03 -9.551501e-06 1.649831e-22 7.059207e-04 -6.470149e-06 5.803901e-23 4.011053e-04 -3.081352e-06 1.069441e-22
2.39           1.107009e-03 -9.525753e-06 1.649870e-22 7.059106e-04 -6.452496e-06 5.803671e-23 4.010983e-04 -3.073257e-06 1.069503e-22
2.4            1.106992e-03 -9.501394e-06 1.649911e-22 7.059002e-04 -6.436063e-06 5.803453e-23 4.010914e-04 -3.065332e-06 1.069566e-22
2.41           1.106974e-03 -9.477919e-06 1.649949e-22 7.058894e-04 -6.420350e-06 5.803240e-23 4.010846e-04 -3.057569e-06 1.069625e-22
2.42           1.106957e-03 -9.455301e-06 1.649989e-22 7.058795e-04 -6.405330e-06 5.803042e-23 4.010779e-04 -3.049971e-06 1.069685e-22
2.43           1.106942e-03 -9.434014e-06 1.650028e-22 7.058702e-04 -6.391463e-06 5.802853e-23 4.010713e-04 -3.042552e-06 1.069743e-22
2.44           1.106926e-03 -9.413867e-06 1.650067e-22 7.058607e-04 -6.378552e-06 5.802677e-23 4.010648e-04 -3.035315e-06 1.069800e-22
2.45           1.106910e-03 -9.394730e-06 1.650105e-22 7.058514e-04 -6.366467e-06 5.802511e-23 4.010584e-04 -3.028262e-06 1.069854e-22
2.46           1.106894e-03 -9.376706e-06 1.650144e-22 7.058421e-04 -6.355308e-06 5.802355e-23 4.010521e-04 -3.021397e-06 1.069909e-22
2.47           1.106879e-03 -9.359598e-06 1.650182e-22 7.058329e-04 -6.344877e-06 5.802207e-23 4.010459e-04 -3.014721e-06 1.069961e-22
2.48           1.106864e-03 -9.343780e-06 1.650220e-22 7.058240e-04 -6.335539e-06 5.802074e-23 4.010397e-04 -3.008241e-06 1.070013e-22
2.49           1.106849e-03 -9.328939e-06 1.650258e-22 7.058153e-04 -6.326981e-06 5.801950e-23 4.010337e-04 -3.001958e-06 1.070063e-22
2.5            1.106834e-03 -9.315181e-06 1.650295e-22 7.058065e-04 -6.319306e-06 5.801835e-23 4.010277e-04 -2.995875e-06 1.070112e-22
2.51           1.106820e-03 -9.302325e-06 1.650333e-22 7.057978e-04 -6.312335e-06 5.801731e-23 4.010218e-04 -2.989990e-06 1.070160e-22
2.52           1.106805e-03 -9.290773e-06 1.650370e-22 7.057895e-04 -6.306460e-06 5.801637e-23 4.010159e-04 -2.984313e-06 1.070207e-22
2.53           1.106791e-03 -9.280019e-06 1.650407e-22 7.057812e-04 -6.301184e-06 5.801552e-23 4.010102e-04 -2.978836e-06 1.070252e-22
2.54           1.106778e-03 -9.270309e-06 1.650445e-22 7.057730e-04 -6.296747e-06 5.801476e-23 4.010045e-04 -2.973562e-06 1.070297e-22
2.55           1.106764e-03 -9.261702e-06 1.650482e-22 7.057649e-04 -6.293205e-06 5.801410e-23 4.009990e-04 -2.968497e-06 1.070341e-22
2.56           1.106750e-03 -9.253983e-06 1.650519e-22 7.057568e-04 -6.290348e-06 5.801356e-23 4.009935e-04 -2.963636e-06 1.070383e-22
2.57           1.106737e-03 -9.247491e-06 1.650556e-22 7.057491e-04 -6.288498e-06 5.801308e-23 4.009880e-04 -2.958993e-06 1.070425e-22
2.58           1.106724e-03 -9.241756e-06 1.650593e-22 7.057412e-04 -6.287198e-06 5.801271e-23 4.009827e-04 -2.954558e-06 1.070466e-22
2.59           1.106711e-03 -9.237102e-06 1.650630e-22 7.057336e-04 -6.286767e-06 5.801241e-23 4.009774e-04 -2.950336e-06 1.070506e-22
2.6            1.106698e-03 -9.233581e-06 1.650667e-22 7.057262e-04 -6.287251e-06 5.801220e-23 4.009722e-04 -2.946330e-06 1.070545e-22
2.61           1.106686e-03 -9.230670e-06 1.650704e-22 7.057194e-04 -6.288141e-06 5.801205e-23 4.009671e-04 -2.942530e-06 1.070584e-22
2.62           1.106674e-03 -9.229064e-06 1.650741e-22 7.057116e-04 -6.290118e-06 5.801201e-23 4.009620e-04 -2.938946e-06 1.070621e-22
2.63           1.106662e-03 -9.228055e-06 1.650778e-22 7.057048e-04 -6.292487e-06 5.801205e-23 4.009570e-04 -2.935568e-06 1.070658e-22
2.64           1.106650e-03 -9.228103e-06 1.650815e-22 7.056975e-04 -6.295702e-06 5.801216e-23 4.009521e-04 -2.932400e-06 1.070693e-22
2.65           1.106638e-03 -9.229092e-06 1.650852e-22 7.056906e-04 -6.299649e-06 5.801237e-23 4.009472e-04 -2.929443e-06 1.070729e-22
2.66           1.106626e-03 -9.230906e-06 1.650889e-22 7.056838e-04 -6.304212e-06 5.801263e-23 4.009424e-04 -2.926694e-06 1.070763e-22
2.67           1.106615e-03 -9.233595e-06 1.650927e-22 7.056771e-04 -6.309441e-06 5.801297e-23 4.009377e-04 -2.924154e-06 1.070797e-22
2.68           1.106603e-03 -9.237120e-06 1.650964e-22 7.056705e-04 -6.315298e-06 5.801339e-23 4.009330e-04 -2.921822e-06 1.070830e-22
2.69           1.106592e-03 -9.241456e-06 1.651001e-22 7.056639e-04 -6.321761e-06 5.801387e-23 4.009284e-04 -2.919695e-06 1.070863e-22
2.7            1.106581e-03 -9.246599e-06 1.651039e-22 7.056575e-04 -6.328827e-06 5.801442e-23 4.009239e-04 -2.917772e-06 1.070894e-22
2.71           1.106571e-03 -9.252500e-06 1.651076e-22 7.056512e-04 -6.336450e-06 5.801504e-23 4.009194e-04 -2.916049e-06 1.070926e-22
2.72           1.106560e-03 -9.259148e-06 1.651114e-22 7.056449e-04 -6.344622e-06 5.801571e-23 4.009150e-04 -2.914526e-06 1.070957e-22
2.73           1.106549e-03 -9.266556e-06 1.651151e-22 7.056388e-04 -6.353356e-06 5.801645e-23 4.009107e-04 -2.913201e-06 1.070987e-22
2.74           1.106543e-03 -9.274583e-06 1.651189e-22 7.056367e-04 -6.362518e-06 5.801731e-23 4.009065e-04 -2.912065e-06 1.071016e-22
2.75           1.106527e-03 -9.283479e-06 1.651228e-22 7.056245e-04 -6.372348e-06 5.801805e-23 4.009021e-04 -2.911132e-06 1.071047e-22
2.76           1.106520e-03 -9.293141e-06 1.651262e-22 7.056219e-04 -6.382756e-06 5.801902e-23 4.008980e-04 -2.910385e-06 1.071072e-22
2.77           1.106508e-03 -9.302833e-06 1.651303e-22 7.056144e-04 -6.393017e-06 5.801991e-23 4.008938e-04 -2.909816e-06 1.071104e-22
2.78           1.106503e-03 -9.313366e-06 1.651339e-22 7.056134e-04 -6.403938e-06 5.802101e-23 4.008899e-04 -2.909428e-06 1.071129e-22
2.79           1.106492e-03 -9.324771e-06 1.651380e-22 7.056057e-04 -6.415542e-06 5.802199e-23 4.008859e-04 -2.909229e-06 1.071160e-22
2.8            1.106482e-03 -9.336719e-06 1.651414e-22 7.056003e-04 -6.427511e-06 5.802308e-23 4.008819e-04 -2.909208e-06 1.071184e-22
2.81           1.106469e-03 -9.350035e-06 1.651455e-22 7.055913e-04 -6.440653e-06 5.802416e-23 4.008779e-04 -2.909383e-06 1.071214e-22
2.82           1.106465e-03 -9.361776e-06 1.651490e-22 7.055911e-04 -6.452093e-06 5.802534e-23 4.008742e-04 -2.909684e-06 1.071237e-22
2.83           1.106454e-03 -9.375489e-06 1.651531e-22 7.055834e-04 -6.465321e-06 5.802648e-23 4.008704e-04 -2.910168e-06 1.071266e-22
2.84           1.106442e-03 -9.390402e-06 1.651561e-22 7.055751e-04 -6.479562e-06 5.802770e-23 4.008666e-04 -2.910840e-06 1.071284e-22
2.85           1.106435e-03 -9.404557e-06 1.651613e-22 7.055720e-04 -6.492906e-06 5.802905e-23 4.008629e-04 -2.911651e-06 1.071323e-22
2.86           1.106429e-03 -9.418808e-06 1.651639e-22 7.055695e-04 -6.506202e-06 5.803041e-23 4.008594e-04 -2.912606e-06 1.071335e-22
2.87           1.106415e-03 -9.435316e-06 1.651685e-22 7.055594e-04 -6.521568e-06 5.803162e-23 4.008557e-04 -2.913748e-06 1.071369e-22
2.88           1.106411e-03 -9.449602e-06 1.651715e-22 7.055592e-04 -6.534615e-06 5.803303e-23 4.008523e-04 -2.914987e-06 1.071384e-22
2.89           1.106402e-03 -9.465849e-06 1.651761e-22 7.055527e-04 -6.549449e-06 5.803438e-23 4.008488e-04 -2.916400e-06 1.071418e-22
2.9            1.106390e-03 -9.483411e-06 1.651787e-22 7.055450e-04 -6.565435e-06 5.803570e-23 4.008453e-04 -2.917976e-06 1.071430e-22
2.91           1.106384e-03 -9.500344e-06 1.651841e-22 7.055423e-04 -6.580664e-06 5.803730e-23 4.008419e-04 -2.919681e-06 1.071468e-22
2.92           1.106379e-03 -9.516209e-06 1.651866e-22 7.055402e-04 -6.594739e-06 5.803863e-23 4.008387e-04 -2.921470e-06 1.071480e-22
2.93           1.106369e-03 -9.533801e-06 1.651913e-22 7.055334e-04 -6.610381e-06 5.804015e-23 4.008353e-04 -2.923420e-06 1.071511e-22
2.94           1.106359e-03 -9.552162e-06 1.651940e-22 7.055269e-04 -6.626651e-06 5.804156e-23 4.008320e-04 -2.925511e-06 1.071524e-22
2.95           1.106353e-03 -9.570647e-06 1.651992e-22 7.055241e-04 -6.642916e-06 5.804313e-23 4.008289e-04 -2.927731e-06 1.071561e-22
2.96           1.106347e-03 -9.587060e-06 1.652016e-22 7.055212e-04 -6.657065e-06 5.804459e-23 4.008258e-04 -2.929995e-06 1.071570e-22
2.97           1.106338e-03 -9.605191e-06 1.652064e-22 7.055155e-04 -6.672794e-06 5.804602e-23 4.008227e-04 -2.932397e-06 1.071604e-22
2.98           1.106329e-03 -9.624694e-06 1.652090e-22 7.055094e-04 -6.689763e-06 5.804758e-23 4.008195e-04 -2.934932e-06 1.071614e-22
2.99           1.106323e-03 -9.644225e-06 1.652142e-22 7.055065e-04 -6.706642e-06 5.804911e-23 4.008165e-04 -2.937583e-06 1.071651e-22
3              1.106314e-03 -9.661744e-06 1.652141e-22 7.055008e-04 -6.721476e-06 5.805056e-23 4.008135e-04 -2.940268e-06 1.071635e-22
3.01           1.106307e-03 -9.681286e-06 1.652254e-22 7.054967e-04 -6.738209e-06 5.805209e-23 4.008106e-04 -2.943077e-06 1.071733e-22
3.02           1.106303e-03 -9.700054e-06 1.652235e-22 7.054950e-04 -6.754091e-06 5.805364e-23 4.008077e-04 -2.945963e-06 1.071698e-22
3.03           1.106296e-03 -9.719341e-06 1.652282e-22 7.054907e-04 -6.770387e-06 5.805513e-23 4.008049e-04 -2.948955e-06 1.071731e-22
3.04           1.106287e-03 -9.736807e-06 1.652313e-22 7.054848e-04 -6.784834e-06 5.805663e-23 4.008020e-04 -2.951973e-06 1.071747e-22
3.05           1.106283e-03 -9.755382e-06 1.652360e-22 7.054836e-04 -6.800303e-06 5.805806e-23 4.007993e-04 -2.955079e-06 1.071779e-22
3.06           1.106273e-03 -9.776912e-06 1.652365e-22 7.054766e-04 -6.818610e-06 5.805963e-23 4.007965e-04 -2.958302e-06 1.071769e-22
3.07           1.106266e-03 -9.795276e-06 1.652470e-22 7.054723e-04 -6.833710e-06 5.806106e-23 4.007938e-04 -2.961567e-06 1.071860e-22
3.08           1.106262e-03 -9.814178e-06 1.652455e-22 7.054713e-04 -6.849303e-06 5.806258e-23 4.007912e-04 -2.964875e-06 1.071829e-22
3.09           1.106256e-03 -9.833262e-06 1.652498e-22 7.054672e-04 -6.865000e-06 5.806398e-23 4.007886e-04 -2.968262e-06 1.071858e-22
3.1            1.106247e-03 -9.852240e-06 1.652535e-22 7.054614e-04 -6.880559e-06 5.806543e-23 4.007859e-04 -2.971681e-06 1.071881e-22
3.11           1.106242e-03 -9.871499e-06 1.652581e-22 7.054582e-04 -6.896340e-06 5.806694e-23 4.007834e-04 -2.975158e-06 1.071912e-22
3.12           1.106238e-03 -9.888083e-06 1.652609e-22 7.054567e-04 -6.909448e-06 5.806815e-23 4.007809e-04 -2.978635e-06 1.071927e-22
3.13           1.106231e-03 -9.908884e-06 1.652621e-22 7.054531e-04 -6.926677e-06 5.806978e-23 4.007784e-04 -2.982207e-06 1.071923e-22
3.14           1.106223e-03 -9.926877e-06 1.652713e-22 7.054469e-04 -6.941069e-06 5.807101e-23 4.007759e-04 -2.985808e-06 1.072003e-22
3.15           1.106220e-03 -9.945542e-06 1.652702e-22 7.054468e-04 -6.956115e-06 5.807244e-23 4.007735e-04 -2.989427e-06 1.071977e-22
3.16           1.106212e-03 -9.963241e-06 1.652744e-22 7.054406e-04 -6.970174e-06 5.807374e-23 4.007711e-04 -2.993067e-06 1.072006e-22
3.17           1.106207e-03 -9.981324e-06 1.652787e-22 7.054378e-04 -6.984592e-06 5.807505e-23 4.007688e-04 -2.996732e-06 1.072037e-22
3.18           1.106203e-03 -9.998657e-06 1.652794e-22 7.054367e-04 -6.998254e-06 5.807635e-23 4.007665e-04 -3.000403e-06 1.072031e-22
3.19           1.106195e-03 -1.001702e-05 1.652882e-22 7.054305e-04 -7.012899e-06 5.807759e-23 4.007642e-04 -3.004117e-06 1.072106e-22
3.2            1.106192e-03 -1.003394e-05 1.652871e-22 7.054304e-04 -7.026127e-06 5.807883e-23 4.007620e-04 -3.007811e-06 1.072083e-22
3.21           1.106182e-03 -1.005060e-05 1.652907e-22 7.054228e-04 -7.039079e-06 5.808001e-23 4.007597e-04 -3.011522e-06 1.072107e-22
3.22           1.106179e-03 -1.006705e-05 1.652947e-22 7.054216e-04 -7.051832e-06 5.808121e-23 4.007575e-04 -3.015221e-06 1.072135e-22
3.23           1.106178e-03 -1.008508e-05 1.652957e-22 7.054222e-04 -7.066124e-06 5.808241e-23 4.007554e-04 -3.018952e-06 1.072133e-22
3.24           1.106168e-03 -1.010068e-05 1.653038e-22 7.054144e-04 -7.078028e-06 5.808343e-23 4.007533e-04 -3.022656e-06 1.072203e-22
3.25           1.106168e-03 -1.011571e-05 1.653030e-22 7.054165e-04 -7.089388e-06 5.808455e-23 4.007512e-04 -3.026318e-06 1.072184e-22
3.26           1.106156e-03 -1.013305e-05 1.653068e-22 7.054065e-04 -7.103011e-06 5.808560e-23 4.007491e-04 -3.030036e-06 1.072212e-22
3.27           1.106153e-03 -1.014787e-05 1.653106e-22 7.054058e-04 -7.114175e-06 5.808654e-23 4.007470e-04 -3.033698e-06 1.072241e-22
3.28           1.106151e-03 -1.016346e-05 1.653114e-22 7.054058e-04 -7.126108e-06 5.808763e-23 4.007451e-04 -3.037351e-06 1.072238e-22
3.29           1.106143e-03 -1.017777e-05 1.653192e-22 7.053998e-04 -7.136801e-06 5.808857e-23 4.007431e-04 -3.040967e-06 1.072306e-22
3.3            1.106142e-03 -1.019107e-05 1.653184e-22 7.054011e-04 -7.146542e-06 5.808956e-23 4.007411e-04 -3.044529e-06 1.072288e-22
3.31           1.106132e-03 -1.020704e-05 1.653213e-22 7.053931e-04 -7.158908e-06 5.809031e-23 4.007392e-04 -3.048128e-06 1.072309e-22
3.32           1.106128e-03 -1.022014e-05 1.653254e-22 7.053908e-04 -7.168475e-06 5.809127e-23 4.007373e-04 -3.051661e-06 1.072341e-22
3.33           1.106127e-03 -1.023378e-05 1.653260e-22 7.053917e-04 -7.178621e-06 5.809207e-23 4.007355e-04 -3.055161e-06 1.072339e-22
3.34           1.106120e-03 -1.024687e-05 1.653332e-22 7.053866e-04 -7.188248e-06 5.809284e-23 4.007336e-04 -3.058622e-06 1.072404e-22
3.35           1.106118e-03 -1.025782e-05 1.653323e-22 7.053858e-04 -7.195817e-06 5.809353e-23 4.007318e-04 -3.062000e-06 1.072388e-22
3.36           1.106109e-03 -1.027228e-05 1.653352e-22 7.053795e-04 -7.206870e-06 5.809428e-23 4.007299e-04 -3.065409e-06 1.072409e-22
3.37           1.106106e-03 -1.028344e-05 1.653389e-22 7.053776e-04 -7.214706e-06 5.809502e-23 4.007282e-04 -3.068734e-06 1.072439e-22
3.38           1.106105e-03 -1.029509e-05 1.653395e-22 7.053783e-04 -7.223081e-06 5.809564e-23 4.007265e-04 -3.072012e-06 1.072438e-22
3.39           1.106099e-03 -1.030641e-05 1.653463e-22 7.053738e-04 -7.231166e-06 5.809624e-23 4.007247e-04 -3.075244e-06 1.072500e-22
3.4            1.106095e-03 -1.031551e-05 1.653454e-22 7.053720e-04 -7.237130e-06 5.809681e-23 4.007230e-04 -3.078379e-06 1.072486e-22
3.41           1.106088e-03 -1.032771e-05 1.653479e-22 7.053672e-04 -7.246190e-06 5.809728e-23 4.007213e-04 -3.081524e-06 1.072507e-22
3.42           1.106085e-03 -1.033709e-05 1.653514e-22 7.053651e-04 -7.252507e-06 5.809787e-23 4.007197e-04 -3.084581e-06 1.072536e-22
3.43           1.106084e-03 -1.034666e-05 1.653519e-22 7.053657e-04 -7.259083e-06 5.809831e-23 4.007181e-04 -3.087579e-06 1.072536e-22
3.44           1.106079e-03 -1.035602e-05 1.653583e-22 7.053622e-04 -7.265501e-06 5.809893e-23 4.007165e-04 -3.090522e-06 1.072594e-22
3.45           1.106073e-03 -1.036325e-05 1.653572e-22 7.053586e-04 -7.269885e-06 5.809903e-23 4.007148e-04 -3.093364e-06 1.072581e-22
3.46           1.106067e-03 -1.037301e-05 1.653579e-22 7.053541e-04 -7.276821e-06 5.809935e-23 4.007132e-04 -3.096188e-06 1.072585e-22
3.47           1.106069e-03 -1.038085e-05 1.653651e-22 7.053574e-04 -7.281911e-06 5.810002e-23 4.007118e-04 -3.098936e-06 1.072650e-22
3.48           1.106062e-03 -1.038722e-05 1.653638e-22 7.053514e-04 -7.285634e-06 5.809999e-23 4.007102e-04 -3.101584e-06 1.072638e-22
3.49           1.106061e-03 -1.039447e-05 1.653640e-22 7.053521e-04 -7.290291e-06 5.810024e-23 4.007088e-04 -3.104176e-06 1.072638e-22
3.5            1.106055e-03 -1.040253e-05 1.653716e-22 7.053479e-04 -7.295790e-06 5.810071e-23 4.007073e-04 -3.106740e-06 1.072708e-22
3.51           1.106051e-03 -1.040704e-05 1.653701e-22 7.053456e-04 -7.297874e-06 5.810060e-23 4.007058e-04 -3.109164e-06 1.072695e-22
3.52           1.106048e-03 -1.041361e-05 1.653700e-22 7.053434e-04 -7.302054e-06 5.810087e-23 4.007043e-04 -3.111553e-06 1.072692e-22
3.53           1.106045e-03 -1.041966e-05 1.653768e-22 7.053423e-04 -7.305778e-06 5.810107e-23 4.007029e-04 -3.113878e-06 1.072757e-22
3.54           1.106040e-03 -1.042360e-05 1.653754e-22 7.053382e-04 -7.307506e-06 5.810094e-23 4.007015e-04 -3.116089e-06 1.072745e-22
3.55           1.106039e-03 -1.042839e-05 1.653757e-22 7.053386e-04 -7.310158e-06 5.810102e-23 4.007002e-04 -3.118235e-06 1.072747e-22
3.56           1.106034e-03 -1.043351e-05 1.653826e-22 7.053351e-04 -7.313173e-06 5.810118e-23 4.006988e-04 -3.120336e-06 1.072814e-22
3.57           1.106031e-03 -1.043623e-05 1.653811e-22 7.053335e-04 -7.313913e-06 5.810092e-23 4.006974e-04 -3.122313e-06 1.072802e-22
3.58           1.106026e-03 -1.044010e-05 1.653808e-22 7.053300e-04 -7.315863e-06 5.810097e-23 4.006961e-04 -3.124235e-06 1.072798e-22
3.59           1.106025e-03 -1.044274e-05 1.653866e-22 7.053300e-04 -7.316675e-06 5.810077e-23 4.006948e-04 -3.126070e-06 1.072858e-22
3.6            1.106019e-03 -1.044584e-05 1.653855e-22 7.053255e-04 -7.318005e-06 5.810077e-23 4.006934e-04 -3.127835e-06 1.072847e-22
3.61           1.106019e-03 -1.044779e-05 1.653856e-22 7.053265e-04 -7.318287e-06 5.810057e-23 4.006922e-04 -3.129506e-06 1.072850e-22
3.62           1.106014e-03 -1.044969e-05 1.653918e-22 7.053232e-04 -7.318579e-06 5.810036e-23 4.006910e-04 -3.131110e-06 1.072914e-22
3.63           1.106011e-03 -1.045123e-05 1.653903e-22 7.053214e-04 -7.318610e-06 5.810009e-23 4.006897e-04 -3.132623e-06 1.072902e-22
3.64           1.106007e-03 -1.045268e-05 1.653898e-22 7.053181e-04 -7.318614e-06 5.809998e-23 4.006884e-04 -3.134068e-06 1.072898e-22
3.65           1.106006e-03 -1.045260e-05 1.653947e-22 7.053183e-04 -7.317190e-06 5.809955e-23 4.006873e-04 -3.135414e-06 1.072952e-22
3.66           1.105999e-03 -1.045415e-05 1.653936e-22 7.053133e-04 -7.317443e-06 5.809935e-23 4.006860e-04 -3.136705e-06 1.072943e-22
3.67           1.106002e-03 -1.045338e-05 1.653939e-22 7.053166e-04 -7.315496e-06 5.809901e-23 4.006849e-04 -3.137883e-06 1.072949e-22
3.68           1.105995e-03 -1.045291e-05 1.653992e-22 7.053112e-04 -7.313908e-06 5.809857e-23 4.006837e-04 -3.138999e-06 1.073007e-22
3.69           1.105993e-03 -1.045272e-05 1.653979e-22 7.053102e-04 -7.312689e-06 5.809823e-23 4.006826e-04 -3.140035e-06 1.072997e-22
3.7            1.105988e-03 -1.045219e-05 1.653972e-22 7.053070e-04 -7.311185e-06 5.809795e-23 4.006814e-04 -3.141001e-06 1.072992e-22
3.71           1.105987e-03 -1.044986e-05 1.654011e-22 7.053071e-04 -7.307997e-06 5.809741e-23 4.006803e-04 -3.141867e-06 1.073037e-22
3.72           1.105982e-03 -1.044944e-05 1.654001e-22 7.053029e-04 -7.306759e-06 5.809698e-23 4.006792e-04 -3.142679e-06 1.073031e-22
3.73           1.105984e-03 -1.044669e-05 1.654005e-22 7.053062e-04 -7.303312e-06 5.809654e-23 4.006782e-04 -3.143382e-06 1.073039e-22
3.74           1.105978e-03 -1.044425e-05 1.654053e-22 7.053005e-04 -7.300228e-06 5.809592e-23 4.006771e-04 -3.144026e-06 1.073093e-22
3.75           1.105976e-03 -1.044226e-05 1.654039e-22 7.053003e-04 -7.297664e-06 5.809550e-23 4.006760e-04 -3.144594e-06 1.073084e-22
3.76           1.105972e-03 -1.043998e-05 1.654028e-22 7.052966e-04 -7.294884e-06 5.809508e-23 4.006749e-04 -3.145096e-06 1.073078e-22
3.77           1.105969e-03 -1.043581e-05 1.654057e-22 7.052951e-04 -7.290303e-06 5.809434e-23 4.006739e-04 -3.145504e-06 1.073114e-22
3.78           1.105966e-03 -1.043284e-05 1.654050e-22 7.052936e-04 -7.286993e-06 5.809380e-23 4.006728e-04 -3.145845e-06 1.073112e-22
3.79           1.105969e-03 -1.042902e-05 1.654054e-22 7.052969e-04 -7.282913e-06 5.809328e-23 4.006720e-04 -3.146105e-06 1.073122e-22
3.8            1.105962e-03 -1.042509e-05 1.654096e-22 7.052910e-04 -7.278787e-06 5.809253e-23 4.006709e-04 -3.146304e-06 1.073171e-22
3.81           1.105961e-03 -1.042125e-05 1.654081e-22 7.052907e-04 -7.274819e-06 5.809199e-23 4.006699e-04 -3.146431e-06 1.073161e-22
3.82           1.105956e-03 -1.041769e-05 1.654069e-22 7.052870e-04 -7.271192e-06 5.809146e-23 4.006689e-04 -3.146502e-06 1.073154e-22
3.83           1.105958e-03 -1.041226e-05 1.654077e-22 7.052903e-04 -7.265787e-06 5.809073e-23 4.006681e-04 -3.146474e-06 1.073169e-22
3.84           1.105952e-03 -1.040720e-05 1.654115e-22 7.052848e-04 -7.260803e-06 5.808994e-23 4.006671e-04 -3.146396e-06 1.073216e-22
3.85           1.105950e-03 -1.040258e-05 1.654100e-22 7.052842e-04 -7.256333e-06 5.808936e-23 4.006661e-04 -3.146250e-06 1.073207e-22
3.86           1.105946e-03 -1.039809e-05 1.654088e-22 7.052808e-04 -7.252038e-06 5.808870e-23 4.006652e-04 -3.146055e-06 1.073201e-22
3.87           1.105949e-03 -1.039146e-05 1.654090e-22 7.052842e-04 -7.245703e-06 5.808792e-23 4.006644e-04 -3.145759e-06 1.073211e-22
3.88           1.105942e-03 -1.038599e-05 1.654132e-22 7.052789e-04 -7.240562e-06 5.808719e-23 4.006634e-04 -3.145427e-06 1.073260e-22
3.89           1.105942e-03 -1.038041e-05 1.654115e-22 7.052792e-04 -7.235381e-06 5.808647e-23 4.006625e-04 -3.145027e-06 1.073250e-22
3.9            1.105936e-03 -1.037554e-05 1.654099e-22 7.052745e-04 -7.230944e-06 5.808568e-23 4.006616e-04 -3.144595e-06 1.073242e-22
3.91           1.105939e-03 -1.036824e-05 1.654101e-22 7.052781e-04 -7.224185e-06 5.808509e-23 4.006608e-04 -3.144057e-06 1.073250e-22
3.92           1.105933e-03 -1.036199e-05 1.654140e-22 7.052730e-04 -7.218494e-06 5.808427e-23 4.006599e-04 -3.143492e-06 1.073297e-22
3.93           1.105933e-03 -1.035573e-05 1.654123e-22 7.052741e-04 -7.212868e-06 5.808351e-23 4.006591e-04 -3.142861e-06 1.073288e-22
3.94           1.105927e-03 -1.034973e-05 1.654106e-22 7.052686e-04 -7.207530e-06 5.808265e-23 4.006582e-04 -3.142202e-06 1.073279e-22
3.95           1.105929e-03 -1.034194e-05 1.654105e-22 7.052719e-04 -7.200487e-06 5.808201e-23 4.006575e-04 -3.141451e-06 1.073285e-22
3.96           1.105923e-03 -1.033605e-05 1.654141e-22 7.052662e-04 -7.195360e-06 5.808110e-23 4.006566e-04 -3.140688e-06 1.073330e-22
3.97           1.105926e-03 -1.032866e-05 1.654127e-22 7.052699e-04 -7.188818e-06 5.808048e-23 4.006558e-04 -3.139845e-06 1.073322e-22
3.98           1.105919e-03 -1.032237e-05 1.654108e-22 7.052636e-04 -7.183377e-06 5.807955e-23 4.006550e-04 -3.138989e-06 1.073312e-22
3.99           1.105919e-03 -1.031487e-05 1.654104e-22 7.052646e-04 -7.176803e-06 5.807884e-23 4.006542e-04 -3.138065e-06 1.073315e-22
4              1.105916e-03 -1.030727e-05 1.654141e-22 7.052625e-04 -7.170176e-06 5.807814e-23 4.006534e-04 -3.137093e-06 1.073360e-22
4.01           1.105916e-03 -1.030009e-05 1.654124e-22 7.052633e-04 -7.164009e-06 5.807727e-23 4.006527e-04 -3.136084e-06 1.073351e-22
4.02           1.105911e-03 -1.029355e-05 1.654107e-22 7.052594e-04 -7.158499e-06 5.807648e-23 4.006519e-04 -3.135053e-06 1.073343e-22
4.03           1.105912e-03 -1.028548e-05 1.654102e-22 7.052604e-04 -7.151519e-06 5.807576e-23 4.006512e-04 -3.133962e-06 1.073344e-22
4.04           1.105909e-03 -1.027794e-05 1.654130e-22 7.052584e-04 -7.145094e-06 5.807489e-23 4.006505e-04 -3.132845e-06 1.073382e-22
4.05           1.105906e-03 -1.027129e-05 1.654115e-22 7.052564e-04 -7.139587e-06 5.807417e-23 4.006497e-04 -3.131699e-06 1.073373e-22
4.06           1.105906e-03 -1.026349e-05 1.654103e-22 7.052566e-04 -7.132983e-06 5.807349e-23 4.006490e-04 -3.130510e-06 1.073368e-22
4.07           1.105904e-03 -1.025595e-05 1.654095e-22 7.052557e-04 -7.126662e-06 5.807267e-23 4.006484e-04 -3.129290e-06 1.073368e-22
4.08           1.105902e-03 -1.024784e-05 1.654122e-22 7.052542e-04 -7.119804e-06 5.807178e-23 4.006476e-04 -3.128039e-06 1.073404e-22
4.09           1.105899e-03 -1.024118e-05 1.654106e-22 7.052522e-04 -7.114403e-06 5.807112e-23 4.006469e-04 -3.126773e-06 1.073394e-22
4.1            1.105899e-03 -1.023338e-05 1.654094e-22 7.052524e-04 -7.107910e-06 5.807041e-23 4.006463e-04 -3.125470e-06 1.073389e-22
4.11           1.105898e-03 -1.022574e-05 1.654084e-22 7.052519e-04 -7.101600e-06 5.806954e-23 4.006456e-04 -3.124141e-06 1.073389e-22
4.12           1.105895e-03 -1.021783e-05 1.654106e-22 7.052498e-04 -7.095038e-06 5.806880e-23 4.006449e-04 -3.122794e-06 1.073418e-22
4.13           1.105893e-03 -1.021084e-05 1.654091e-22 7.052486e-04 -7.089415e-06 5.806812e-23 4.006443e-04 -3.121427e-06 1.073410e-22
4.14           1.105892e-03 -1.020338e-05 1.654080e-22 7.052488e-04 -7.083340e-06 5.806734e-23 4.006436e-04 -3.120042e-06 1.073406e-22
4.15           1.105891e-03 -1.019577e-05 1.654070e-22 7.052478e-04 -7.077140e-06 5.806664e-23 4.006430e-04 -3.118635e-06 1.073404e-22
4.16           1.105890e-03 -1.018835e-05 1.654071e-22 7.052472e-04 -7.071137e-06 5.806595e-23 4.006424e-04 -3.117208e-06 1.073411e-22
4.17           1.105885e-03 -1.018067e-05 1.654077e-22 7.052435e-04 -7.064902e-06 5.806515e-23 4.006418e-04 -3.115771e-06 1.073425e-22
4.18           1.105886e-03 -1.017402e-05 1.654069e-22 7.052447e-04 -7.059686e-06 5.806449e-23 4.006412e-04 -3.114333e-06 1.073424e-22
4.19           1.105882e-03 -1.016686e-05 1.654063e-22 7.052418e-04 -7.053972e-06 5.806383e-23 4.006405e-04 -3.112885e-06 1.073425e-22
4.2            1.105882e-03 -1.015936e-05 1.654058e-22 7.052417e-04 -7.047945e-06 5.806309e-23 4.006399e-04 -3.111416e-06 1.073427e-22
4.21           1.105882e-03 -1.015198e-05 1.654055e-22 7.052424e-04 -7.042051e-06 5.806254e-23 4.006394e-04 -3.109929e-06 1.073429e-22
4.22           1.105879e-03 -1.014526e-05 1.654048e-22 7.052403e-04 -7.036806e-06 5.806182e-23 4.006388e-04 -3.108452e-06 1.073430e-22
4.23           1.105878e-03 -1.013821e-05 1.654043e-22 7.052394e-04 -7.031250e-06 5.806118e-23 4.006382e-04 -3.106965e-06 1.073431e-22
4.24           1.105876e-03 -1.013136e-05 1.654038e-22 7.052387e-04 -7.025881e-06 5.806055e-23 4.006376e-04 -3.105475e-06 1.073433e-22
4.25           1.105874e-03 -1.012460e-05 1.654032e-22 7.052370e-04 -7.020616e-06 5.805988e-23 4.006370e-04 -3.103986e-06 1.073433e-22
4.26           1.105874e-03 -1.011787e-05 1.654028e-22 7.052372e-04 -7.015378e-06 5.805933e-23 4.006365e-04 -3.102492e-06 1.073435e-22
4.27           1.105871e-03 -1.011133e-05 1.654021e-22 7.052356e-04 -7.010325e-06 5.805868e-23 4.006359e-04 -3.101003e-06 1.073434e-22
4.28           1.105870e-03 -1.010491e-05 1.654016e-22 7.052349e-04 -7.005396e-06 5.805807e-23 4.006354e-04 -3.099516e-06 1.073435e-22
4.29           1.105869e-03 -1.009842e-05 1.654010e-22 7.052343e-04 -7.000385e-06 5.805759e-23 4.006348e-04 -3.098031e-06 1.073434e-22
4.3            1.105868e-03 -1.009231e-05 1.654004e-22 7.052334e-04 -6.995754e-06 5.805694e-23 4.006343e-04 -3.096554e-06 1.073434e-22
4.31           1.105866e-03 -1.008613e-05 1.653998e-22 7.052326e-04 -6.991053e-06 5.805643e-23 4.006338e-04 -3.095082e-06 1.073434e-22
4.32           1.105865e-03 -1.008005e-05 1.653993e-22 7.052318e-04 -6.986433e-06 5.805593e-23 4.006333e-04 -3.093618e-06 1.073433e-22
4.33           1.105864e-03 -1.007422e-05 1.653986e-22 7.052311e-04 -6.982053e-06 5.805540e-23 4.006327e-04 -3.092164e-06 1.073432e-22
4.34           1.105863e-03 -1.006841e-05 1.653981e-22 7.052304e-04 -6.977686e-06 5.805497e-23 4.006322e-04 -3.090719e-06 1.073431e-22
4.35           1.105861e-03 -1.006280e-05 1.653975e-22 7.052296e-04 -6.973516e-06 5.805453e-23 4.006317e-04 -3.089284e-06 1.073430e-22
4.36           1.105860e-03 -1.005733e-05 1.653969e-22 7.052289e-04 -6.969461e-06 5.805403e-23 4.006312e-04 -3.087865e-06 1.073428e-22
4.37           1.105859e-03 -1.005195e-05 1.653963e-22 7.052282e-04 -6.965493e-06 5.805358e-23 4.006307e-04 -3.086459e-06 1.073427e-22
4.38           1.105858e-03 -1.004667e-05 1.653955e-22 7.052275e-04 -6.961602e-06 5.805297e-23 4.006303e-04 -3.085069e-06 1.073426e-22
4.39           1.105857e-03 -1.004195e-05 1.653950e-22 7.052269e-04 -6.958246e-06 5.805266e-23 4.006298e-04 -3.083701e-06 1.073423e-22
4.4            1.105856e-03 -1.003683e-05 1.653944e-22 7.052262e-04 -6.954489e-06 5.805231e-23 4.006293e-04 -3.082342e-06 1.073420e-22
4.41           1.105854e-03 -1.003201e-05 1.653937e-22 7.052256e-04 -6.951007e-06 5.805188e-23 4.006289e-04 -3.081001e-06 1.073418e-22
4.42           1.105853e-03 -1.002749e-05 1.653931e-22 7.052248e-04 -6.947811e-06 5.805151e-23 4.006284e-04 -3.079683e-06 1.073416e-22
4.43           1.105852e-03 -1.002299e-05 1.653925e-22 7.052241e-04 -6.944605e-06 5.805114e-23 4.006279e-04 -3.078384e-06 1.073413e-22
4.44           1.105851e-03 -1.001871e-05 1.653919e-22 7.052234e-04 -6.941600e-06 5.805080e-23 4.006275e-04 -3.077105e-06 1.073411e-22
4.45           1.105850e-03 -1.001453e-05 1.653912e-22 7.052227e-04 -6.938683e-06 5.805046e-23 4.006270e-04 -3.075849e-06 1.073408e-22
4.46           1.105849e-03 -1.001046e-05 1.653906e-22 7.052221e-04 -6.935844e-06 5.805016e-23 4.006266e-04 -3.074611e-06 1.073405e-22
4.47           1.105848e-03 -1.000673e-05 1.653900e-22 7.052216e-04 -6.933326e-06 5.804986e-23 4.006262e-04 -3.073404e-06 1.073401e-22
4.48           1.105847e-03 -1.000295e-05 1.653894e-22 7.052208e-04 -6.930734e-06 5.804958e-23 4.006257e-04 -3.072215e-06 1.073398e-22
4.49           1.105846e-03 -9.999443e-06 1.653887e-22 7.052203e-04 -6.928389e-06 5.804931e-23 4.006253e-04 -3.071053e-06 1.073394e-22
4.5            1.105845e-03 -9.996155e-06 1.653881e-22 7.052197e-04 -6.926237e-06 5.804906e-23 4.006249e-04 -3.069918e-06 1.073391e-22
4.51           1.105844e-03 -9.992946e-06 1.653875e-22 7.052192e-04 -6.924137e-06 5.804882e-23 4.006245e-04 -3.068808e-06 1.073387e-22
4.52           1.105843e-03 -9.989913e-06 1.653869e-22 7.052185e-04 -6.922189e-06 5.804859e-23 4.006241e-04 -3.067725e-06 1.073383e-22
4.53           1.105842e-03 -9.987028e-06 1.653862e-22 7.052180e-04 -6.920359e-06 5.804838e-23 4.006237e-04 -3.066669e-06 1.073379e-22
4.54           1.105841e-03 -9.984312e-06 1.653856e-22 7.052173e-04 -6.918671e-06 5.804819e-23 4.006233e-04 -3.065641e-06 1.073374e-22
4.55           1.105840e-03 -9.981748e-06 1.653850e-22 7.052168e-04 -6.917107e-06 5.804801e-23 4.006229e-04 -3.064641e-06 1.073370e-22
4.56           1.105838e-03 -9.979666e-06 1.653844e-22 7.052160e-04 -6.915985e-06 5.804783e-23 4.006225e-04 -3.063681e-06 1.073365e-22
4.57           1.105839e-03 -9.977068e-06 1.653836e-22 7.052165e-04 -6.914335e-06 5.804769e-23 4.006221e-04 -3.062733e-06 1.073359e-22
4.58           1.105835e-03 -9.975421e-06 1.653832e-22 7.052131e-04 -6.913594e-06 5.804755e-23 4.006217e-04 -3.061826e-06 1.073356e-22
4.59           1.105837e-03 -9.972893e-06 1.653824e-22 7.052161e-04 -6.911960e-06 5.804745e-23 4.006214e-04 -3.060933e-06 1.073350e-22
4.6            1.105833e-03 -9.971269e-06 1.653820e-22 7.052119e-04 -6.911195e-06 5.804732e-23 4.006210e-04 -3.060074e-06 1.073347e-22
4.61           1.105835e-03 -9.970059e-06 1.653812e-22 7.052146e-04 -6.910794e-06 5.804724e-23 4.006207e-04 -3.059265e-06 1.073339e-22
4.62           1.105831e-03 -9.968170e-06 1.653808e-22 7.052109e-04 -6.909705e-06 5.804711e-23 4.006203e-04 -3.058465e-06 1.073337e-22
4.63           1.105834e-03 -9.966869e-06 1.653801e-22 7.052137e-04 -6.909163e-06 5.804711e-23 4.006200e-04 -3.057705e-06 1.073330e-22
4.64           1.105829e-03 -9.965671e-06 1.653797e-22 7.052099e-04 -6.908701e-06 5.804702e-23 4.006196e-04 -3.056970e-06 1.073326e-22
4.65           1.105832e-03 -9.965113e-06 1.653789e-22 7.052124e-04 -6.908830e-06 5.804701e-23 4.006193e-04 -3.056282e-06 1.073318e-22
4.66           1.105828e-03 -9.963694e-06 1.653785e-22 7.052089e-04 -6.908089e-06 5.804694e-23 4.006189e-04 -3.055605e-06 1.073316e-22
4.67           1.105830e-03 -9.963086e-06 1.653778e-22 7.052116e-04 -6.908115e-06 5.804696e-23 4.006186e-04 -3.054972e-06 1.073308e-22
4.68           1.105826e-03 -9.962342e-06 1.653774e-22 7.052080e-04 -6.907981e-06 5.804694e-23 4.006183e-04 -3.054361e-06 1.073305e-22
4.69           1.105828e-03 -9.962452e-06 1.653765e-22 7.052104e-04 -6.908654e-06 5.804695e-23 4.006179e-04 -3.053798e-06 1.073296e-22
4.7            1.105825e-03 -9.961591e-06 1.653763e-22 7.052070e-04 -6.908344e-06 5.804695e-23 4.006176e-04 -3.053247e-06 1.073293e-22
4.71           1.105827e-03 -9.961573e-06 1.653755e-22 7.052096e-04 -6.908835e-06 5.804701e-23 4.006173e-04 -3.052738e-06 1.073285e-22
4.72           1.105823e-03 -9.961335e-06 1.653752e-22 7.052064e-04 -6.909083e-06 5.804705e-23 4.006170e-04 -3.052253e-06 1.073281e-22
4.73           1.105825e-03 -9.961723e-06 1.653744e-22 7.052083e-04 -6.909913e-06 5.804710e-23 4.006167e-04 -3.051809e-06 1.073273e-22
4.74           1.105822e-03 -9.961610e-06 1.653741e-22 7.052057e-04 -6.910225e-06 5.804717e-23 4.006164e-04 -3.051385e-06 1.073269e-22
4.75           1.105824e-03 -9.962492e-06 1.653733e-22 7.052075e-04 -6.911485e-06 5.804724e-23 4.006161e-04 -3.051006e-06 1.073260e-22
4.76           1.105820e-03 -9.962523e-06 1.653730e-22 7.052044e-04 -6.911880e-06 5.804730e-23 4.006157e-04 -3.050644e-06 1.073257e-22
4.77           1.105822e-03 -9.963190e-06 1.653723e-22 7.052068e-04 -6.912873e-06 5.804742e-23 4.006155e-04 -3.050317e-06 1.073249e-22
4.78           1.105819e-03 -9.963817e-06 1.653720e-22 7.052039e-04 -6.913801e-06 5.804752e-23 4.006152e-04 -3.050016e-06 1.073245e-22
4.79           1.105821e-03 -9.964775e-06 1.653713e-22 7.052057e-04 -6.915023e-06 5.804763e-23 4.006149e-04 -3.049752e-06 1.073236e-22
4.8            1.105818e-03 -9.965522e-06 1.653710e-22 7.052033e-04 -6.916013e-06 5.804775e-23 4.006146e-04 -3.049510e-06 1.073233e-22
4.81           1.105819e-03 -9.966926e-06 1.653702e-22 7.052050e-04 -6.917616e-06 5.804790e-23 4.006143e-04 -3.049310e-06 1.073223e-22
4.82           1.105816e-03 -9.967682e-06 1.653700e-22 7.052021e-04 -6.918558e-06 5.804800e-23 4.006140e-04 -3.049124e-06 1.073220e-22
4.83           1.105818e-03 -9.969080e-06 1.653693e-22 7.052045e-04 -6.920105e-06 5.804818e-23 4.006138e-04 -3.048974e-06 1.073211e-22
4.84           1.105815e-03 -9.970288e-06 1.653691e-22 7.052017e-04 -6.921442e-06 5.804833e-23 4.006135e-04 -3.048847e-06 1.073207e-22
4.85           1.105817e-03 -9.972077e-06 1.653682e-22 7.052034e-04 -6.923319e-06 5.804850e-23 4.006133e-04 -3.048758e-06 1.073197e-22
4.86           1.105814e-03 -9.973198e-06 1.653681e-22 7.052007e-04 -6.924516e-06 5.804862e-23 4.006130e-04 -3.048683e-06 1.073195e-22
4.87           1.105816e-03 -9.975049e-06 1.653674e-22 7.052030e-04 -6.926406e-06 5.804884e-23 4.006127e-04 -3.048643e-06 1.073186e-22
4.88           1.105813e-03 -9.976578e-06 1.653672e-22 7.052003e-04 -6.927953e-06 5.804901e-23 4.006125e-04 -3.048624e-06 1.073182e-22
4.89           1.105814e-03 -9.978576e-06 1.653665e-22 7.052019e-04 -6.929937e-06 5.804919e-23 4.006122e-04 -3.048638e-06 1.073173e-22
4.9            1.105812e-03 -9.980218e-06 1.653663e-22 7.051998e-04 -6.931548e-06 5.804939e-23 4.006120e-04 -3.048670e-06 1.073169e-22
4.91           1.105813e-03 -9.982317e-06 1.653655e-22 7.052014e-04 -6.933586e-06 5.804958e-23 4.006118e-04 -3.048732e-06 1.073159e-22
4.92           1.105810e-03 -9.984204e-06 1.653653e-22 7.051982e-04 -6.935389e-06 5.804976e-23 4.006115e-04 -3.048815e-06 1.073156e-22
4.93           1.105813e-03 -9.986533e-06 1.653647e-22 7.052013e-04 -6.937608e-06 5.805002e-23 4.006113e-04 -3.048925e-06 1.073147e-22
4.94           1.105809e-03 -9.988511e-06 1.653645e-22 7.051983e-04 -6.939455e-06 5.805020e-23 4.006110e-04 -3.049056e-06 1.073143e-22
4.95           1.105811e-03 -9.990770e-06 1.653638e-22 7.051999e-04 -6.941560e-06 5.805044e-23 4.006108e-04 -3.049210e-06 1.073134e-22
4.96           1.105808e-03 -9.992885e-06 1.653636e-22 7.051978e-04 -6.943502e-06 5.805062e-23 4.006106e-04 -3.049384e-06 1.073130e-22
4.97           1.105810e-03 -9.995187e-06 1.653629e-22 7.051995e-04 -6.945611e-06 5.805091e-23 4.006104e-04 -3.049576e-06 1.073120e-22
4.98           1.105806e-03 -9.997654e-06 1.653627e-22 7.051961e-04 -6.947856e-06 5.805107e-23 4.006101e-04 -3.049798e-06 1.073117e-22
4.99           1.105810e-03 -1.000041e-05 1.653622e-22 7.051997e-04 -6.950373e-06 5.805134e-23 4.006099e-04 -3.050040e-06 1.073108e-22
5              1.105806e-03 -1.000266e-05 1.653620e-22 7.051965e-04 -6.952358e-06 5.805154e-23 4.006097e-04 -3.050299e-06 1.073104e-22
