# Force       
# CofR        : (2.000000e-01 2.000000e-01 5.000000e-01)
#
# Time        	total_x total_y total_z	pressure_x pressure_y pressure_z	viscous_x viscous_y viscous_z
0.01           1.620916e+02 4.759409e+00 1.663211e-16 1.619914e+02 4.753022e+00 1.745674e-16 1.001517e-01 6.386731e-03 -8.246345e-18
0.02           -1.323405e+00 -2.890404e+00 -1.726745e-18 -1.422111e+00 -2.894928e+00 -1.776687e-18 9.870505e-02 4.523604e-03 4.994216e-20
0.03           -3.059351e-01 -3.227627e-01 -9.911265e-19 -4.038217e-01 -3.270157e-01 -1.019420e-18 9.788661e-02 4.253077e-03 2.829319e-20
0.04           -1.181414e-01 -1.975471e-01 -8.144554e-19 -2.152776e-01 -2.016434e-01 -8.361781e-19 9.713619e-02 4.096355e-03 2.172268e-20
0.05           2.322747e-03 -1.479316e-01 -7.142967e-19 -9.410162e-02 -1.519216e-01 -7.322263e-19 9.642437e-02 3.989965e-03 1.792957e-20
0.06           9.887368e-02 -1.254514e-01 -6.482402e-19 3.127816e-03 -1.293598e-01 -6.636640e-19 9.574586e-02 3.908387e-03 1.542386e-20
0.07           1.747683e-01 -1.140435e-01 -5.996118e-19 7.967366e-02 -1.178817e-01 -6.132481e-19 9.509463e-02 3.838141e-03 1.363629e-20
0.08           2.347535e-01 -1.058824e-01 -5.629534e-19 1.402888e-01 -1.096530e-01 -5.752837e-19 9.446477e-02 3.770611e-03 1.233030e-20
0.09           2.842711e-01 -9.958204e-02 -5.343888e-19 1.904185e-01 -1.032827e-01 -5.457283e-19 9.385256e-02 3.700624e-03 1.133954e-20
0.1            3.254762e-01 -9.353193e-02 -5.114104e-19 2.322214e-01 -9.715827e-02 -5.219772e-19 9.325486e-02 3.626334e-03 1.056671e-20
0.11           3.603082e-01 -8.790062e-02 -4.924305e-19 2.676389e-01 -9.144669e-02 -5.023660e-19 9.266932e-02 3.546068e-03 9.935454e-21
0.12           3.841624e-01 -8.381014e-02 -4.765802e-19 2.920725e-01 -8.727059e-02 -4.860045e-19 9.208995e-02 3.460454e-03 9.424307e-21
0.13           4.015050e-01 -7.946733e-02 -4.632095e-19 3.099922e-01 -8.283852e-02 -4.722014e-19 9.151280e-02 3.371184e-03 8.991971e-21
0.14           4.151242e-01 -7.394580e-02 -4.518223e-19 3.241884e-01 -7.722539e-02 -4.604364e-19 9.093574e-02 3.279591e-03 8.614044e-21
0.15           4.243546e-01 -6.932592e-02 -4.416258e-19 3.339983e-01 -7.251265e-02 -4.499009e-19 9.035628e-02 3.186721e-03 8.275044e-21
0.16           4.301181e-01 -6.543254e-02 -4.323879e-19 3.403454e-01 -6.852598e-02 -4.403576e-19 8.977265e-02 3.093435e-03 7.969669e-21
0.17           4.327877e-01 -5.922414e-02 -4.247661e-19 3.436042e-01 -6.222539e-02 -4.324771e-19 8.918346e-02 3.001248e-03 7.711059e-21
0.18           4.304554e-01 -5.588643e-02 -4.175123e-19 3.418690e-01 -5.879699e-02 -4.249903e-19 8.858638e-02 2.910561e-03 7.477961e-21
0.19           4.265672e-01 -5.295809e-02 -4.108678e-19 3.385855e-01 -5.577928e-02 -4.181378e-19 8.798167e-02 2.821187e-03 7.270010e-21
0.2            4.228027e-01 -4.977773e-02 -4.048653e-19 3.354317e-01 -5.251029e-02 -4.119512e-19 8.737105e-02 2.732563e-03 7.085944e-21
0.21           4.189575e-01 -4.665668e-02 -3.994521e-19 3.322012e-01 -4.930100e-02 -4.063814e-19 8.675627e-02 2.644325e-03 6.929249e-21
0.22           4.155033e-01 -4.367713e-02 -3.946751e-19 3.293638e-01 -4.623310e-02 -4.014769e-19 8.613946e-02 2.555967e-03 6.801782e-21
0.23           4.131008e-01 -4.287457e-02 -3.912050e-19 3.275778e-01 -4.534034e-02 -3.979215e-19 8.552302e-02 2.465762e-03 6.716467e-21
0.24           4.116518e-01 -4.243519e-02 -3.883008e-19 3.267425e-01 -4.480841e-02 -3.949603e-19 8.490931e-02 2.373225e-03 6.659516e-21
0.25           4.110041e-01 -4.007246e-02 -3.850555e-19 3.267035e-01 -4.235195e-02 -3.916686e-19 8.430060e-02 2.279492e-03 6.613144e-21
0.26           4.112463e-01 -3.768801e-02 -3.821154e-19 3.275475e-01 -3.987275e-02 -3.887068e-19 8.369881e-02 2.184738e-03 6.591359e-21
0.27           4.102616e-01 -3.358245e-02 -3.795519e-19 3.271573e-01 -3.567270e-02 -3.861588e-19 8.310425e-02 2.090241e-03 6.606915e-21
0.28           4.095720e-01 -2.928961e-02 -3.771038e-19 3.270540e-01 -3.128620e-02 -3.837484e-19 8.251797e-02 1.996589e-03 6.644553e-21
0.29           4.107857e-01 -2.624984e-02 -3.745589e-19 3.288439e-01 -2.815349e-02 -3.812481e-19 8.194176e-02 1.903651e-03 6.689208e-21
0.3            4.121580e-01 -2.266174e-02 -3.722004e-19 3.307820e-01 -2.447392e-02 -3.789526e-19 8.137600e-02 1.812177e-03 6.752134e-21
0.31           4.132088e-01 -1.721169e-02 -3.704053e-19 3.323883e-01 -1.893530e-02 -3.772426e-19 8.082049e-02 1.723602e-03 6.837343e-21
0.32           4.146826e-01 -1.227083e-02 -3.683417e-19 3.344071e-01 -1.390951e-02 -3.752609e-19 8.027554e-02 1.638683e-03 6.919253e-21
0.33           4.170773e-01 -6.600368e-03 -3.661043e-19 3.373356e-01 -8.158907e-03 -3.730989e-19 7.974167e-02 1.558539e-03 6.994566e-21
0.34           4.155117e-01 -5.258971e-03 -3.642775e-19 3.362957e-01 -6.740157e-03 -3.713721e-19 7.921608e-02 1.481186e-03 7.094626e-21
0.35           4.129511e-01 -4.529078e-03 -3.625349e-19 3.342532e-01 -5.935633e-03 -3.697318e-19 7.869796e-02 1.406554e-03 7.196843e-21
0.36           4.069185e-01 -2.147002e-03 -3.619645e-19 3.287340e-01 -3.482379e-03 -3.692986e-19 7.818450e-02 1.335376e-03 7.334082e-21
0.37           4.077396e-01 1.519035e-03 -3.596483e-19 3.300594e-01 2.488023e-04 -3.670380e-19 7.768015e-02 1.270233e-03 7.389698e-21
0.38           4.080621e-01 3.529474e-03 -3.574127e-19 3.308779e-01 2.319413e-03 -3.648487e-19 7.718423e-02 1.210061e-03 7.436042e-21
0.39           4.072736e-01 2.189440e-03 -3.552166e-19 3.305780e-01 1.036686e-03 -3.626898e-19 7.669564e-02 1.152753e-03 7.473277e-21
0.4            4.077476e-01 5.066376e-03 -3.525377e-19 3.315325e-01 3.965389e-03 -3.600173e-19 7.621506e-02 1.100987e-03 7.479612e-21
0.41           4.085250e-01 8.647659e-03 -3.498648e-19 3.327828e-01 7.592543e-03 -3.573399e-19 7.574225e-02 1.055116e-03 7.475152e-21
0.42           4.096339e-01 9.458497e-03 -3.467661e-19 3.343568e-01 8.445095e-03 -3.542133e-19 7.527715e-02 1.013402e-03 7.447186e-21
0.43           4.098110e-01 8.068392e-03 -3.440926e-19 3.349925e-01 7.094096e-03 -3.515313e-19 7.481844e-02 9.742960e-04 7.438663e-21
0.44           4.099713e-01 8.814483e-03 -3.415120e-19 3.356056e-01 7.875568e-03 -3.489496e-19 7.436570e-02 9.389149e-04 7.437594e-21
0.45           4.096735e-01 8.713979e-03 -3.388132e-19 3.357552e-01 7.807534e-03 -3.462466e-19 7.391832e-02 9.064448e-04 7.433466e-21
0.46           4.093341e-01 8.950972e-03 -3.359731e-19 3.358580e-01 8.074279e-03 -3.434039e-19 7.347605e-02 8.766924e-04 7.430817e-21
0.47           4.097760e-01 1.010148e-02 -3.331124e-19 3.367368e-01 9.251679e-03 -3.405502e-19 7.303918e-02 8.498045e-04 7.437785e-21
0.48           4.103899e-01 1.174193e-02 -3.301558e-19 3.377821e-01 1.091629e-02 -3.376091e-19 7.260778e-02 8.256434e-04 7.453264e-21
0.49           4.115832e-01 1.309531e-02 -3.271666e-19 3.394009e-01 1.229160e-02 -3.346465e-19 7.218228e-02 8.037117e-04 7.479915e-21
0.5            4.128843e-01 1.463337e-02 -3.241224e-19 3.411213e-01 1.384950e-02 -3.316427e-19 7.176295e-02 7.838712e-04 7.520276e-21
0.51           4.142591e-01 1.634367e-02 -3.210361e-19 3.429090e-01 1.557756e-02 -3.286114e-19 7.135007e-02 7.661077e-04 7.575295e-21
0.52           4.156982e-01 1.815383e-02 -3.179191e-19 3.447542e-01 1.740331e-02 -3.255639e-19 7.094403e-02 7.505125e-04 7.644843e-21
0.53           4.171860e-01 1.870639e-02 -3.145967e-19 3.466407e-01 1.796986e-02 -3.223174e-19 7.054530e-02 7.365360e-04 7.720743e-21
0.54           4.188776e-01 2.096766e-02 -3.114508e-19 3.487232e-01 2.024227e-02 -3.192681e-19 7.015436e-02 7.253896e-04 7.817322e-21
0.55           4.209866e-01 2.282204e-02 -3.082319e-19 3.512147e-01 2.210517e-02 -3.161518e-19 6.977199e-02 7.168742e-04 7.919899e-21
0.56           4.233831e-01 2.455020e-02 -3.049361e-19 3.539842e-01 2.383912e-02 -3.129644e-19 6.939889e-02 7.110851e-04 8.028261e-21
0.57           4.259434e-01 2.510590e-02 -3.017523e-19 3.569078e-01 2.439831e-02 -3.098847e-19 6.903558e-02 7.075882e-04 8.132387e-21
0.58           4.286676e-01 2.550570e-02 -2.984439e-19 3.599850e-01 2.479907e-02 -3.066811e-19 6.868263e-02 7.066308e-04 8.237211e-21
0.59           4.316416e-01 2.494640e-02 -2.951178e-19 3.633009e-01 2.423845e-02 -3.034490e-19 6.834070e-02 7.079418e-04 8.331229e-21
0.6            4.343925e-01 2.569783e-02 -2.916453e-19 3.663821e-01 2.498525e-02 -3.000717e-19 6.801043e-02 7.125799e-04 8.426458e-21
0.61           4.370730e-01 2.671331e-02 -2.882366e-19 3.693795e-01 2.599237e-02 -2.967513e-19 6.769349e-02 7.209392e-04 8.514663e-21
0.62           4.393302e-01 2.856078e-02 -2.848675e-19 3.719392e-01 2.782716e-02 -2.934604e-19 6.739100e-02 7.336202e-04 8.592905e-21
0.63           4.414574e-01 2.707082e-02 -2.817479e-19 3.743625e-01 2.632211e-02 -2.904076e-19 6.709488e-02 7.487006e-04 8.659690e-21
0.64           4.452914e-01 2.283527e-02 -2.786854e-19 3.784880e-01 2.207137e-02 -2.874007e-19 6.680340e-02 7.638970e-04 8.715323e-21
0.65           4.457324e-01 2.269253e-02 -2.746513e-19 3.792012e-01 2.190508e-02 -2.834109e-19 6.653120e-02 7.874519e-04 8.759683e-21
0.66           4.468896e-01 2.393939e-02 -2.726966e-19 3.806125e-01 2.312427e-02 -2.815006e-19 6.627709e-02 8.151186e-04 8.803953e-21
0.67           4.484720e-01 2.480944e-02 -2.699789e-19 3.824360e-01 2.396179e-02 -2.788095e-19 6.603604e-02 8.476541e-04 8.830521e-21
0.68           4.522541e-01 2.477781e-02 -2.660719e-19 3.864474e-01 2.389243e-02 -2.749125e-19 6.580674e-02 8.853796e-04 8.840637e-21
0.69           4.568514e-01 2.454192e-02 -2.600662e-19 3.912669e-01 2.361124e-02 -2.688936e-19 6.558447e-02 9.306813e-04 8.827387e-21
0.7            4.584881e-01 3.135652e-02 -2.624598e-19 3.931039e-01 3.037757e-02 -2.712977e-19 6.538424e-02 9.789508e-04 8.837834e-21
0.71           4.597542e-01 3.607399e-02 -2.610133e-19 3.945585e-01 3.504055e-02 -2.698515e-19 6.519570e-02 1.033437e-03 8.838212e-21
0.72           4.635972e-01 4.423691e-02 -2.587847e-19 3.985788e-01 4.314114e-02 -2.675957e-19 6.501841e-02 1.095778e-03 8.810955e-21
0.73           4.689296e-01 4.863386e-02 -2.563328e-19 4.040786e-01 4.747107e-02 -2.651095e-19 6.485093e-02 1.162792e-03 8.776729e-21
0.74           4.685751e-01 4.822910e-02 -2.552709e-19 4.038853e-01 4.699802e-02 -2.640512e-19 6.468974e-02 1.231080e-03 8.780323e-21
0.75           4.702973e-01 4.647496e-02 -2.549486e-19 4.057559e-01 4.517099e-02 -2.637203e-19 6.454142e-02 1.303974e-03 8.771780e-21
0.76           4.730721e-01 4.768555e-02 -2.533598e-19 4.086654e-01 4.630621e-02 -2.621005e-19 6.440670e-02 1.379340e-03 8.740665e-21
0.77           4.752628e-01 4.997004e-02 -2.517102e-19 4.109748e-01 4.851250e-02 -2.604318e-19 6.428795e-02 1.457541e-03 8.721613e-21
0.78           4.780369e-01 5.267356e-02 -2.501412e-19 4.138585e-01 5.113615e-02 -2.588492e-19 6.417837e-02 1.537412e-03 8.707966e-21
0.79           4.805033e-01 5.580827e-02 -2.486664e-19 4.164261e-01 5.418963e-02 -2.573639e-19 6.407712e-02 1.618648e-03 8.697580e-21
0.8            4.860093e-01 6.034913e-02 -2.471763e-19 4.220242e-01 5.864748e-02 -2.558491e-19 6.398510e-02 1.701651e-03 8.672764e-21
0.81           4.887474e-01 6.289010e-02 -2.459972e-19 4.248471e-01 6.110484e-02 -2.546657e-19 6.390023e-02 1.785266e-03 8.668512e-21
0.82           4.925733e-01 6.634189e-02 -2.449445e-19 4.287504e-01 6.447278e-02 -2.536066e-19 6.382290e-02 1.869110e-03 8.662133e-21
0.83           4.943242e-01 7.031779e-02 -2.436508e-19 4.305727e-01 6.836420e-02 -2.523007e-19 6.375147e-02 1.953596e-03 8.649866e-21
0.84           4.949291e-01 7.449322e-02 -2.423250e-19 4.312442e-01 7.245460e-02 -2.509651e-19 6.368494e-02 2.038624e-03 8.640167e-21
0.85           4.951723e-01 7.704093e-02 -2.410763e-19 4.315495e-01 7.491800e-02 -2.497105e-19 6.362282e-02 2.122936e-03 8.634264e-21
0.86           4.953041e-01 8.123548e-02 -2.397603e-19 4.317392e-01 7.902839e-02 -2.483967e-19 6.356494e-02 2.207090e-03 8.636387e-21
0.87           4.965722e-01 8.044664e-02 -2.371467e-19 4.330600e-01 7.815918e-02 -2.457646e-19 6.351213e-02 2.287460e-03 8.617850e-21
0.88           4.980672e-01 7.986898e-02 -2.331782e-19 4.346034e-01 7.750684e-02 -2.417639e-19 6.346380e-02 2.362139e-03 8.585717e-21
0.89           4.935801e-01 8.192094e-02 -2.283113e-19 4.301557e-01 7.948747e-02 -2.368767e-19 6.342438e-02 2.433470e-03 8.565381e-21
0.9            4.956655e-01 8.340601e-02 -2.299744e-19 4.322815e-01 8.089644e-02 -2.385520e-19 6.338403e-02 2.509566e-03 8.577607e-21
0.91           4.948165e-01 8.720865e-02 -2.287747e-19 4.314710e-01 8.462128e-02 -2.373523e-19 6.334547e-02 2.587371e-03 8.577638e-21
0.92           4.926480e-01 8.968197e-02 -2.266825e-19 4.293390e-01 8.701670e-02 -2.352508e-19 6.330892e-02 2.665273e-03 8.568378e-21
0.93           4.905117e-01 9.201030e-02 -2.242867e-19 4.272372e-01 8.926699e-02 -2.328446e-19 6.327449e-02 2.743309e-03 8.557825e-21
0.94           4.897179e-01 9.262373e-02 -2.231136e-19 4.264746e-01 8.980261e-02 -2.316638e-19 6.324327e-02 2.821125e-03 8.550176e-21
0.95           4.887676e-01 9.258043e-02 -2.219602e-19 4.255525e-01 8.968178e-02 -2.305015e-19 6.321507e-02 2.898649e-03 8.541255e-21
0.96           4.866661e-01 9.264774e-02 -2.200010e-19 4.234773e-01 8.967169e-02 -2.285284e-19 6.318880e-02 2.976047e-03 8.527406e-21
0.97           4.842782e-01 9.323370e-02 -2.177755e-19 4.211142e-01 9.017982e-02 -2.262877e-19 6.316402e-02 3.053888e-03 8.512181e-21
0.98           4.820674e-01 9.317394e-02 -2.155088e-19 4.189269e-01 9.004186e-02 -2.240032e-19 6.314056e-02 3.132077e-03 8.494411e-21
0.99           4.803866e-01 9.322306e-02 -2.131967e-19 4.172682e-01 9.001216e-02 -2.216724e-19 6.311845e-02 3.210902e-03 8.475694e-21
1              4.780629e-01 9.184678e-02 -2.108246e-19 4.149659e-01 8.855711e-02 -2.192756e-19 6.309700e-02 3.289672e-03 8.450932e-21
1.01           4.761949e-01 9.057678e-02 -2.083817e-19 4.131187e-01 8.720827e-02 -2.168041e-19 6.307619e-02 3.368513e-03 8.422403e-21
1.02           4.746010e-01 9.024004e-02 -2.064035e-19 4.115451e-01 8.679202e-02 -2.148124e-19 6.305590e-02 3.448026e-03 8.408903e-21
1.03           4.738878e-01 8.803211e-02 -2.043850e-19 4.108513e-01 8.450494e-02 -2.127784e-19 6.303642e-02 3.527174e-03 8.393413e-21
1.04           4.745189e-01 8.424242e-02 -2.024312e-19 4.115005e-01 8.063735e-02 -2.108049e-19 6.301834e-02 3.605070e-03 8.373713e-21
1.05           4.730761e-01 8.313241e-02 -1.999356e-19 4.100778e-01 7.944955e-02 -2.082904e-19 6.299835e-02 3.682862e-03 8.354846e-21
1.06           4.715150e-01 8.099231e-02 -1.976306e-19 4.085379e-01 7.723236e-02 -2.059628e-19 6.297711e-02 3.759945e-03 8.332188e-21
1.07           4.719479e-01 7.808882e-02 -1.952728e-19 4.089919e-01 7.425293e-02 -2.035821e-19 6.295607e-02 3.835889e-03 8.309335e-21
1.08           4.729328e-01 7.514285e-02 -1.929210e-19 4.099974e-01 7.123234e-02 -2.012050e-19 6.293543e-02 3.910510e-03 8.283913e-21
1.09           4.748152e-01 7.331276e-02 -1.902010e-19 4.119010e-01 6.932853e-02 -1.984580e-19 6.291420e-02 3.984229e-03 8.256947e-21
1.1            4.775680e-01 6.998583e-02 -1.876954e-19 4.146741e-01 6.592962e-02 -1.959274e-19 6.289387e-02 4.056208e-03 8.231958e-21
1.11           4.802512e-01 6.590658e-02 -1.854356e-19 4.173765e-01 6.178075e-02 -1.936403e-19 6.287472e-02 4.125827e-03 8.204608e-21
1.12           4.850818e-01 5.839023e-02 -1.835887e-19 4.222242e-01 5.419933e-02 -1.917475e-19 6.285764e-02 4.190900e-03 8.158790e-21
1.13           4.883811e-01 5.491076e-02 -1.816936e-19 4.255396e-01 5.065726e-02 -1.898244e-19 6.284151e-02 4.253501e-03 8.130852e-21
1.14           4.922739e-01 5.269568e-02 -1.799494e-19 4.294475e-01 4.838151e-02 -1.880619e-19 6.282647e-02 4.314163e-03 8.112511e-21
1.15           4.934470e-01 5.134278e-02 -1.784563e-19 4.306365e-01 4.696970e-02 -1.865519e-19 6.281050e-02 4.373081e-03 8.095630e-21
1.16           4.952845e-01 4.807680e-02 -1.767684e-19 4.324907e-01 4.364790e-02 -1.848389e-19 6.279388e-02 4.428905e-03 8.070472e-21
1.17           4.996777e-01 4.397337e-02 -1.751900e-19 4.368997e-01 3.949239e-02 -1.832360e-19 6.277792e-02 4.480979e-03 8.045996e-21
1.18           5.035688e-01 4.024652e-02 -1.737597e-19 4.408066e-01 3.571723e-02 -1.817853e-19 6.276216e-02 4.529286e-03 8.025606e-21
1.19           5.066282e-01 3.731571e-02 -1.721818e-19 4.438822e-01 3.274163e-02 -1.801943e-19 6.274601e-02 4.574085e-03 8.012512e-21
1.2            5.100476e-01 3.359122e-02 -1.707048e-19 4.473180e-01 2.897647e-02 -1.787053e-19 6.272954e-02 4.614757e-03 8.000481e-21
1.21           5.141066e-01 3.012107e-02 -1.692619e-19 4.513935e-01 2.546978e-02 -1.772515e-19 6.271306e-02 4.651295e-03 7.989670e-21
1.22           5.216300e-01 2.667759e-02 -1.680497e-19 4.589315e-01 2.199399e-02 -1.760184e-19 6.269849e-02 4.683595e-03 7.968709e-21
1.23           5.262265e-01 2.643662e-02 -1.666691e-19 4.635423e-01 2.172331e-02 -1.746327e-19 6.268424e-02 4.713310e-03 7.963555e-21
1.24           5.300081e-01 2.725744e-02 -1.651798e-19 4.673381e-01 2.251645e-02 -1.731457e-19 6.266993e-02 4.740993e-03 7.965908e-21
1.25           5.368783e-01 2.731136e-02 -1.640487e-19 4.742209e-01 2.254523e-02 -1.720062e-19 6.265735e-02 4.766128e-03 7.957497e-21
1.26           5.394715e-01 2.597974e-02 -1.630300e-19 4.768275e-01 2.119197e-02 -1.709980e-19 6.264400e-02 4.787772e-03 7.968062e-21
1.27           5.405576e-01 2.503680e-02 -1.618199e-19 4.779283e-01 2.023071e-02 -1.698155e-19 6.262929e-02 4.806088e-03 7.995619e-21
1.28           5.452526e-01 2.397690e-02 -1.607973e-19 4.826370e-01 1.915586e-02 -1.688172e-19 6.261559e-02 4.821044e-03 8.019954e-21
1.29           5.502987e-01 2.084236e-02 -1.605008e-19 4.876954e-01 1.601095e-02 -1.685491e-19 6.260334e-02 4.831409e-03 8.048234e-21
1.3            5.528059e-01 1.849919e-02 -1.613642e-19 4.902147e-01 1.366178e-02 -1.694395e-19 6.259120e-02 4.837419e-03 8.075298e-21
1.31           5.549365e-01 1.881358e-02 -1.590919e-19 4.923566e-01 1.397326e-02 -1.671879e-19 6.257982e-02 4.840328e-03 8.095952e-21
1.32           5.543973e-01 2.086674e-02 -1.571120e-19 4.918336e-01 1.602504e-02 -1.652297e-19 6.256373e-02 4.841704e-03 8.117749e-21
1.33           5.584848e-01 1.974182e-02 -1.552578e-19 4.959379e-01 1.490174e-02 -1.634152e-19 6.254695e-02 4.840084e-03 8.157466e-21
1.34           5.641268e-01 1.811459e-02 -1.536095e-19 5.015971e-01 1.327912e-02 -1.618160e-19 6.252973e-02 4.835467e-03 8.206501e-21
1.35           5.657181e-01 1.836682e-02 -1.522365e-19 5.032094e-01 1.353778e-02 -1.604914e-19 6.250863e-02 4.829045e-03 8.254929e-21
1.36           5.654491e-01 1.916549e-02 -1.510958e-19 5.029640e-01 1.434444e-02 -1.594027e-19 6.248506e-02 4.821051e-03 8.306880e-21
1.37           5.647263e-01 2.033879e-02 -1.499219e-19 5.022672e-01 1.552704e-02 -1.582818e-19 6.245905e-02 4.811754e-03 8.359951e-21
1.38           5.646657e-01 2.137736e-02 -1.487451e-19 5.022346e-01 1.657621e-02 -1.571525e-19 6.243108e-02 4.801149e-03 8.407358e-21
1.39           5.645662e-01 2.267862e-02 -1.475537e-19 5.021650e-01 1.788915e-02 -1.560074e-19 6.240123e-02 4.789466e-03 8.453743e-21
1.4            5.651651e-01 2.329446e-02 -1.465119e-19 5.027952e-01 1.851805e-02 -1.550047e-19 6.236987e-02 4.776416e-03 8.492721e-21
1.41           5.634257e-01 2.416809e-02 -1.454019e-19 5.010900e-01 1.940580e-02 -1.539345e-19 6.233561e-02 4.762292e-03 8.532556e-21
1.42           5.616177e-01 2.283136e-02 -1.445122e-19 4.993195e-01 1.808545e-02 -1.530804e-19 6.229822e-02 4.745916e-03 8.568231e-21
1.43           5.616619e-01 2.133484e-02 -1.436426e-19 4.994031e-01 1.660762e-02 -1.522417e-19 6.225876e-02 4.727217e-03 8.599058e-21
1.44           5.611006e-01 2.150158e-02 -1.425776e-19 4.988837e-01 1.679429e-02 -1.512079e-19 6.221696e-02 4.707291e-03 8.630334e-21
1.45           5.585720e-01 2.091624e-02 -1.414071e-19 4.964004e-01 1.623040e-02 -1.500608e-19 6.217164e-02 4.685839e-03 8.653721e-21
1.46           5.563006e-01 2.046284e-02 -1.402899e-19 4.941775e-01 1.579968e-02 -1.489684e-19 6.212315e-02 4.663162e-03 8.678563e-21
1.47           5.543670e-01 1.682988e-02 -1.395495e-19 4.922955e-01 1.219229e-02 -1.482474e-19 6.207146e-02 4.637589e-03 8.697904e-21
1.48           5.512563e-01 1.518560e-02 -1.385067e-19 4.892402e-01 1.057521e-02 -1.472227e-19 6.201604e-02 4.610389e-03 8.716010e-21
1.49           5.485074e-01 1.878407e-02 -1.372008e-19 4.865500e-01 1.419924e-02 -1.459443e-19 6.195742e-02 4.584824e-03 8.743546e-21
1.5            5.456299e-01 2.237978e-02 -1.359551e-19 4.837342e-01 1.781858e-02 -1.447233e-19 6.189568e-02 4.561198e-03 8.768210e-21
1.51           5.421299e-01 2.421454e-02 -1.347650e-19 4.802993e-01 1.967581e-02 -1.435491e-19 6.183062e-02 4.538731e-03 8.784124e-21
1.52           5.386859e-01 2.627319e-02 -1.336104e-19 4.769234e-01 2.175543e-02 -1.424079e-19 6.176246e-02 4.517758e-03 8.797523e-21
1.53           5.360258e-01 2.748365e-02 -1.326746e-19 4.743341e-01 2.298564e-02 -1.414779e-19 6.169173e-02 4.498004e-03 8.803348e-21
1.54           5.324121e-01 2.875001e-02 -1.317095e-19 4.707940e-01 2.427031e-02 -1.405196e-19 6.161806e-02 4.479702e-03 8.810088e-21
1.55           5.289206e-01 3.596222e-02 -1.302795e-19 4.673789e-01 3.149572e-02 -1.390960e-19 6.154177e-02 4.466500e-03 8.816483e-21
1.56           5.316720e-01 4.093047e-02 -1.295887e-19 4.702056e-01 3.647311e-02 -1.383871e-19 6.146643e-02 4.457360e-03 8.798407e-21
1.57           5.304929e-01 4.356540e-02 -1.285887e-19 4.691030e-01 3.911428e-02 -1.373806e-19 6.138994e-02 4.451117e-03 8.791869e-21
1.58           5.290157e-01 4.870501e-02 -1.274377e-19 4.677034e-01 4.425553e-02 -1.362314e-19 6.131237e-02 4.449481e-03 8.793723e-21
1.59           5.293440e-01 5.382053e-02 -1.264484e-19 4.681091e-01 4.936790e-02 -1.352416e-19 6.123489e-02 4.452624e-03 8.793225e-21
1.6            5.295968e-01 5.454752e-02 -1.258577e-19 4.684393e-01 5.008933e-02 -1.346509e-19 6.115749e-02 4.458188e-03 8.793132e-21
1.61           5.265842e-01 5.640612e-02 -1.251315e-19 4.655059e-01 5.193923e-02 -1.339206e-19 6.107834e-02 4.466889e-03 8.789079e-21
1.62           5.227087e-01 5.865993e-02 -1.244951e-19 4.617117e-01 5.418082e-02 -1.332796e-19 6.099703e-02 4.479112e-03 8.784457e-21
1.63           5.190051e-01 6.076005e-02 -1.239068e-19 4.580913e-01 5.626513e-02 -1.326844e-19 6.091376e-02 4.494918e-03 8.777573e-21
1.64           5.153841e-01 6.268335e-02 -1.233800e-19 4.545554e-01 5.816903e-02 -1.321479e-19 6.082869e-02 4.514321e-03 8.767855e-21
1.65           5.120145e-01 6.380590e-02 -1.229353e-19 4.512724e-01 5.926891e-02 -1.316917e-19 6.074205e-02 4.537000e-03 8.756426e-21
1.66           5.086874e-01 6.431284e-02 -1.226986e-19 4.480335e-01 5.975018e-02 -1.314453e-19 6.065394e-02 4.562664e-03 8.746629e-21
1.67           5.052048e-01 6.998713e-02 -1.217245e-19 4.446404e-01 6.539285e-02 -1.304548e-19 6.056442e-02 4.594285e-03 8.730280e-21
1.68           5.019132e-01 7.193621e-02 -1.214283e-19 4.414394e-01 6.730643e-02 -1.301452e-19 6.047379e-02 4.629773e-03 8.716911e-21
1.69           4.992348e-01 7.251192e-02 -1.216002e-19 4.388522e-01 6.784364e-02 -1.302975e-19 6.038253e-02 4.668287e-03 8.697296e-21
1.7            5.000017e-01 7.116173e-02 -1.219580e-19 4.397090e-01 6.645305e-02 -1.306218e-19 6.029267e-02 4.708679e-03 8.663828e-21
1.71           4.978413e-01 7.212792e-02 -1.219668e-19 4.376384e-01 6.737578e-02 -1.306071e-19 6.020292e-02 4.752140e-03 8.640207e-21
1.72           4.948374e-01 7.318787e-02 -1.219656e-19 4.347244e-01 6.838920e-02 -1.305837e-19 6.011303e-02 4.798662e-03 8.618075e-21
1.73           4.902996e-01 7.208063e-02 -1.221527e-19 4.302773e-01 6.723377e-02 -1.307424e-19 6.002227e-02 4.846861e-03 8.589685e-21
1.74           4.866854e-01 7.213158e-02 -1.222289e-19 4.267539e-01 6.723431e-02 -1.307950e-19 5.993150e-02 4.897265e-03 8.566120e-21
1.75           4.830238e-01 7.479947e-02 -1.222601e-19 4.231826e-01 6.984806e-02 -1.307877e-19 5.984115e-02 4.951408e-03 8.527565e-21
1.76           4.778702e-01 7.474676e-02 -1.225487e-19 4.181198e-01 6.973933e-02 -1.310422e-19 5.975037e-02 5.007429e-03 8.493502e-21
1.77           4.722524e-01 7.703074e-02 -1.228219e-19 4.125931e-01 7.196425e-02 -1.312942e-19 5.965928e-02 5.066482e-03 8.472337e-21
1.78           4.726207e-01 7.994756e-02 -1.225161e-19 4.130491e-01 7.481874e-02 -1.309460e-19 5.957163e-02 5.128829e-03 8.429897e-21
1.79           4.732452e-01 8.099522e-02 -1.225734e-19 4.137575e-01 7.580214e-02 -1.309654e-19 5.948765e-02 5.193087e-03 8.391948e-21
1.8            4.718112e-01 8.335646e-02 -1.222355e-19 4.124048e-01 7.809668e-02 -1.305960e-19 5.940639e-02 5.259776e-03 8.360444e-21
1.81           4.703434e-01 8.723876e-02 -1.224558e-19 4.110154e-01 8.190915e-02 -1.307870e-19 5.932795e-02 5.329603e-03 8.331246e-21
1.82           4.653418e-01 8.877392e-02 -1.227855e-19 4.060913e-01 8.337298e-02 -1.311000e-19 5.925055e-02 5.400943e-03 8.314513e-21
1.83           4.606474e-01 8.843107e-02 -1.233542e-19 4.014728e-01 8.295861e-02 -1.316499e-19 5.917453e-02 5.472456e-03 8.295716e-21
1.84           4.549671e-01 8.734072e-02 -1.239533e-19 3.958675e-01 8.179728e-02 -1.322340e-19 5.909959e-02 5.543436e-03 8.280638e-21
1.85           4.520545e-01 8.655972e-02 -1.247215e-19 3.930270e-01 8.094589e-02 -1.329781e-19 5.902747e-02 5.613824e-03 8.256607e-21
1.86           4.508291e-01 8.419575e-02 -1.258541e-19 3.918699e-01 7.851333e-02 -1.340761e-19 5.895918e-02 5.682420e-03 8.222026e-21
1.87           4.481936e-01 8.223821e-02 -1.268477e-19 3.892995e-01 7.648906e-02 -1.350388e-19 5.889413e-02 5.749150e-03 8.191107e-21
1.88           4.469794e-01 8.559160e-02 -1.273303e-19 3.881460e-01 7.977472e-02 -1.354953e-19 5.883341e-02 5.816879e-03 8.164953e-21
1.89           4.386144e-01 7.992257e-02 -1.284197e-19 3.798413e-01 7.404256e-02 -1.365776e-19 5.877306e-02 5.880009e-03 8.157976e-21
1.9            4.340495e-01 8.030868e-02 -1.290739e-19 3.753339e-01 7.436699e-02 -1.372101e-19 5.871558e-02 5.941690e-03 8.136212e-21
1.91           4.448943e-01 7.747021e-02 -1.310645e-19 3.862252e-01 7.147014e-02 -1.391185e-19 5.866910e-02 6.000067e-03 8.053947e-21
1.92           4.411054e-01 8.054484e-02 -1.314839e-19 3.824794e-01 7.448671e-02 -1.395143e-19 5.862605e-02 6.058138e-03 8.030443e-21
1.93           4.390417e-01 7.979533e-02 -1.324126e-19 3.804542e-01 7.368174e-02 -1.404107e-19 5.858741e-02 6.113592e-03 7.998077e-21
1.94           4.355560e-01 8.005986e-02 -1.331703e-19 3.770032e-01 7.389303e-02 -1.411442e-19 5.855278e-02 6.166822e-03 7.973872e-21
1.95           4.327676e-01 7.960358e-02 -1.337726e-19 3.742448e-01 7.338637e-02 -1.417201e-19 5.852281e-02 6.217212e-03 7.947549e-21
1.96           4.282374e-01 7.681123e-02 -1.351868e-19 3.697410e-01 7.054800e-02 -1.431335e-19 5.849633e-02 6.263236e-03 7.946695e-21
1.97           4.241412e-01 7.686436e-02 -1.355056e-19 3.656661e-01 7.055833e-02 -1.434048e-19 5.847505e-02 6.306034e-03 7.899147e-21
1.98           4.209346e-01 7.558851e-02 -1.360708e-19 3.624755e-01 6.924357e-02 -1.439402e-19 5.845910e-02 6.344946e-03 7.869432e-21
1.99           4.175610e-01 7.692237e-02 -1.365372e-19 3.591126e-01 7.054106e-02 -1.443825e-19 5.844845e-02 6.381308e-03 7.845344e-21
2              4.143074e-01 7.838568e-02 -1.371769e-19 3.558642e-01 7.197063e-02 -1.450017e-19 5.844314e-02 6.415047e-03 7.824768e-21
2.01           4.108502e-01 7.738029e-02 -1.379381e-19 3.524071e-01 7.093573e-02 -1.457398e-19 5.844311e-02 6.444555e-03 7.801755e-21
2.02           4.076272e-01 7.582881e-02 -1.387103e-19 3.491785e-01 6.935950e-02 -1.464883e-19 5.844866e-02 6.469308e-03 7.777981e-21
2.03           4.056489e-01 7.432534e-02 -1.395112e-19 3.471883e-01 6.783618e-02 -1.472626e-19 5.846060e-02 6.489161e-03 7.751381e-21
2.04           4.044373e-01 7.451824e-02 -1.401314e-19 3.459577e-01 6.801336e-02 -1.478545e-19 5.847955e-02 6.504877e-03 7.723107e-21
2.05           4.002613e-01 7.345372e-02 -1.407817e-19 3.417569e-01 6.693832e-02 -1.484813e-19 5.850444e-02 6.515399e-03 7.699582e-21
2.06           4.001631e-01 7.397479e-02 -1.405165e-19 3.416299e-01 6.745319e-02 -1.481819e-19 5.853317e-02 6.521603e-03 7.665384e-21
2.07           4.004489e-01 7.116738e-02 -1.411149e-19 3.418845e-01 6.464455e-02 -1.487588e-19 5.856446e-02 6.522825e-03 7.643878e-21
2.08           4.015046e-01 6.941724e-02 -1.414837e-19 3.429070e-01 6.289713e-02 -1.491102e-19 5.859765e-02 6.520109e-03 7.626436e-21
2.09           4.035918e-01 7.212545e-02 -1.403569e-19 3.449611e-01 6.561006e-02 -1.479745e-19 5.863065e-02 6.515390e-03 7.617645e-21
2.1            4.036549e-01 7.080478e-02 -1.407769e-19 3.449871e-01 6.429810e-02 -1.484046e-19 5.866785e-02 6.506682e-03 7.627735e-21
2.11           4.041883e-01 6.996635e-02 -1.411233e-19 3.454786e-01 6.347217e-02 -1.487604e-19 5.870969e-02 6.494179e-03 7.637105e-21
2.12           4.050481e-01 6.922903e-02 -1.414259e-19 3.462919e-01 6.275109e-02 -1.490721e-19 5.875625e-02 6.477939e-03 7.646188e-21
2.13           4.061086e-01 6.850183e-02 -1.417422e-19 3.473010e-01 6.204384e-02 -1.493976e-19 5.880755e-02 6.457990e-03 7.655394e-21
2.14           4.074479e-01 6.828327e-02 -1.420259e-19 3.485844e-01 6.184860e-02 -1.496909e-19 5.886354e-02 6.434676e-03 7.665017e-21
2.15           4.098685e-01 7.133387e-02 -1.418190e-19 3.509440e-01 6.492380e-02 -1.494850e-19 5.892455e-02 6.410064e-03 7.666045e-21
2.16           4.118835e-01 7.196828e-02 -1.419131e-19 3.528936e-01 6.558555e-02 -1.495849e-19 5.898984e-02 6.382733e-03 7.671835e-21
2.17           4.139813e-01 7.159336e-02 -1.419392e-19 3.549223e-01 6.524122e-02 -1.496178e-19 5.905897e-02 6.352137e-03 7.678665e-21
2.18           4.161893e-01 7.098168e-02 -1.419334e-19 3.570578e-01 6.466345e-02 -1.496183e-19 5.913156e-02 6.318229e-03 7.684969e-21
2.19           4.190503e-01 7.307984e-02 -1.415111e-19 3.598429e-01 6.679709e-02 -1.492012e-19 5.920739e-02 6.282744e-03 7.690178e-21
2.2            4.211795e-01 7.134430e-02 -1.415311e-19 3.618938e-01 6.510073e-02 -1.492269e-19 5.928568e-02 6.243574e-03 7.695823e-21
2.21           4.230358e-01 6.984510e-02 -1.414059e-19 3.636699e-01 6.364411e-02 -1.491065e-19 5.936589e-02 6.200992e-03 7.700575e-21
2.22           4.237643e-01 6.788023e-02 -1.412095e-19 3.643173e-01 6.172535e-02 -1.489192e-19 5.944692e-02 6.154887e-03 7.709756e-21
2.23           4.313223e-01 6.904990e-02 -1.410538e-19 3.717901e-01 6.294263e-02 -1.487452e-19 5.953226e-02 6.107273e-03 7.691361e-21
2.24           4.337120e-01 6.802732e-02 -1.407598e-19 3.740936e-01 6.197032e-02 -1.484531e-19 5.961839e-02 6.057004e-03 7.693213e-21
2.25           4.361888e-01 6.656912e-02 -1.404069e-19 3.764840e-01 6.056500e-02 -1.481037e-19 5.970481e-02 6.004118e-03 7.696785e-21
2.26           4.402448e-01 6.417903e-02 -1.402113e-19 3.804532e-01 5.823072e-02 -1.479048e-19 5.979154e-02 5.948312e-03 7.693489e-21
2.27           4.436312e-01 6.232767e-02 -1.400233e-19 3.837538e-01 5.643758e-02 -1.477140e-19 5.987743e-02 5.890092e-03 7.690679e-21
2.28           4.463214e-01 6.085376e-02 -1.397538e-19 3.863600e-01 5.502385e-02 -1.474424e-19 5.996139e-02 5.829907e-03 7.688690e-21
2.29           4.497259e-01 5.922302e-02 -1.394937e-19 3.896826e-01 5.345511e-02 -1.471775e-19 6.004325e-02 5.767913e-03 7.683839e-21
2.3            4.551682e-01 5.698280e-02 -1.394695e-19 3.950445e-01 5.127879e-02 -1.471451e-19 6.012373e-02 5.704008e-03 7.675623e-21
2.31           4.594883e-01 5.505725e-02 -1.395030e-19 3.992865e-01 4.941866e-02 -1.471734e-19 6.020179e-02 5.638589e-03 7.670337e-21
2.32           4.626565e-01 5.430717e-02 -1.392342e-19 4.023802e-01 4.873473e-02 -1.468985e-19 6.027634e-02 5.572447e-03 7.664292e-21
2.33           4.667121e-01 5.324365e-02 -1.389373e-19 4.063644e-01 4.773807e-02 -1.465905e-19 6.034766e-02 5.505585e-03 7.653257e-21
2.34           4.728299e-01 5.045751e-02 -1.388842e-19 4.124132e-01 4.502033e-02 -1.465182e-19 6.041664e-02 5.437187e-03 7.633963e-21
2.35           4.784697e-01 4.742951e-02 -1.390002e-19 4.179868e-01 4.206224e-02 -1.466143e-19 6.048289e-02 5.367265e-03 7.614121e-21
2.36           4.792345e-01 4.714587e-02 -1.385494e-19 4.186909e-01 4.184852e-02 -1.461569e-19 6.054359e-02 5.297352e-03 7.607468e-21
2.37           4.756393e-01 4.855097e-02 -1.381060e-19 4.150433e-01 4.332251e-02 -1.457205e-19 6.059602e-02 5.228465e-03 7.614462e-21
2.38           4.746525e-01 4.917703e-02 -1.374000e-19 4.140107e-01 4.401662e-02 -1.450058e-19 6.064182e-02 5.160410e-03 7.605824e-21
2.39           4.753321e-01 4.773026e-02 -1.370036e-19 4.146501e-01 4.263803e-02 -1.446028e-19 6.068200e-02 5.092225e-03 7.599237e-21
2.4            4.753123e-01 5.143704e-02 -1.351684e-19 4.145958e-01 4.640994e-02 -1.427337e-19 6.071642e-02 5.027100e-03 7.565305e-21
2.41           4.727594e-01 5.520652e-02 -1.333615e-19 4.120158e-01 5.024136e-02 -1.408896e-19 6.074357e-02 4.965152e-03 7.528181e-21
2.42           4.695285e-01 5.646809e-02 -1.322154e-19 4.087654e-01 5.156322e-02 -1.397252e-19 6.076315e-02 4.904875e-03 7.509800e-21
2.43           4.703783e-01 5.610656e-02 -1.308739e-19 4.096006e-01 5.126096e-02 -1.383490e-19 6.077776e-02 4.845600e-03 7.475181e-21
2.44           4.697087e-01 5.076785e-02 -1.302261e-19 4.089230e-01 4.598346e-02 -1.376616e-19 6.078576e-02 4.784389e-03 7.435446e-21
2.45           4.695195e-01 5.072136e-02 -1.289782e-19 4.087317e-01 4.599688e-02 -1.363862e-19 6.078781e-02 4.724482e-03 7.408086e-21
2.46           4.684987e-01 5.100411e-02 -1.276297e-19 4.077153e-01 4.633796e-02 -1.350134e-19 6.078344e-02 4.666151e-03 7.383691e-21
2.47           4.670488e-01 5.099617e-02 -1.262925e-19 4.062763e-01 4.638682e-02 -1.336521e-19 6.077253e-02 4.609346e-03 7.359521e-21
2.48           4.639061e-01 5.125472e-02 -1.249254e-19 4.031518e-01 4.670059e-02 -1.322629e-19 6.075423e-02 4.554130e-03 7.337485e-21
2.49           4.691404e-01 5.085522e-02 -1.237522e-19 4.084068e-01 4.635502e-02 -1.310332e-19 6.073360e-02 4.500203e-03 7.280973e-21
2.5            4.716886e-01 4.633334e-02 -1.229953e-19 4.109798e-01 4.188819e-02 -1.302257e-19 6.070883e-02 4.445150e-03 7.230384e-21
2.51           4.685538e-01 5.244414e-02 -1.208416e-19 4.078760e-01 4.804911e-02 -1.280534e-19 6.067783e-02 4.395030e-03 7.211743e-21
2.52           4.672451e-01 5.129903e-02 -1.192490e-19 4.066034e-01 4.695323e-02 -1.264298e-19 6.064179e-02 4.345798e-03 7.180742e-21
2.53           4.662244e-01 4.667844e-02 -1.185842e-19 4.056237e-01 4.238308e-02 -1.257393e-19 6.060071e-02 4.295361e-03 7.155029e-21
2.54           4.633401e-01 4.337053e-02 -1.175446e-19 4.027863e-01 3.912612e-02 -1.246715e-19 6.055388e-02 4.244415e-03 7.126928e-21
2.55           4.641966e-01 4.733743e-02 -1.157492e-19 4.036927e-01 4.314022e-02 -1.228396e-19 6.050381e-02 4.197209e-03 7.090478e-21
2.56           4.614041e-01 4.430454e-02 -1.144832e-19 4.009554e-01 4.015481e-02 -1.215417e-19 6.044868e-02 4.149727e-03 7.058586e-21
2.57           4.614015e-01 4.198865e-02 -1.131783e-19 4.010112e-01 3.788632e-02 -1.201911e-19 6.039033e-02 4.102335e-03 7.012799e-21
2.58           4.595912e-01 3.951753e-02 -1.120782e-19 3.992633e-01 3.546272e-02 -1.190581e-19 6.032781e-02 4.054811e-03 6.979934e-21
2.59           4.457590e-01 3.123692e-02 -1.113248e-19 3.855045e-01 2.723343e-02 -1.183284e-19 6.025456e-02 4.003486e-03 7.003639e-21
2.6            4.479865e-01 2.396526e-02 -1.118464e-19 3.878073e-01 2.001620e-02 -1.188256e-19 6.017918e-02 3.949063e-03 6.979225e-21
2.61           4.448961e-01 2.098628e-02 -1.107770e-19 3.847965e-01 1.709219e-02 -1.177267e-19 6.009959e-02 3.894087e-03 6.949659e-21
2.62           4.450476e-01 1.888879e-02 -1.103401e-19 3.850301e-01 1.504992e-02 -1.172690e-19 6.001758e-02 3.838870e-03 6.928867e-21
2.63           4.373628e-01 1.903756e-02 -1.094895e-19 3.774337e-01 1.525286e-02 -1.164095e-19 5.992915e-02 3.784700e-03 6.920053e-21
2.64           4.331688e-01 1.715476e-02 -1.087820e-19 3.733324e-01 1.342419e-02 -1.156892e-19 5.983632e-02 3.730562e-03 6.907175e-21
2.65           4.266580e-01 1.575128e-02 -1.077564e-19 3.669199e-01 1.207463e-02 -1.146398e-19 5.973809e-02 3.676647e-03 6.883355e-21
2.66           4.242652e-01 1.308963e-02 -1.073382e-19 3.646285e-01 9.467470e-03 -1.141961e-19 5.963671e-02 3.622155e-03 6.857844e-21
2.67           4.194323e-01 9.851818e-03 -1.070112e-19 3.599011e-01 6.284921e-03 -1.138460e-19 5.953120e-02 3.566897e-03 6.834856e-21
2.68           4.116783e-01 1.016585e-02 -1.064213e-19 3.522584e-01 6.653254e-03 -1.132409e-19 5.941983e-02 3.512593e-03 6.819604e-21
2.69           4.073552e-01 9.276951e-03 -1.054926e-19 3.480502e-01 5.818276e-03 -1.122824e-19 5.930500e-02 3.458675e-03 6.789874e-21
2.7            4.041869e-01 6.959539e-03 -1.047475e-19 3.449995e-01 3.555247e-03 -1.115065e-19 5.918740e-02 3.404293e-03 6.758965e-21
2.71           4.002416e-01 6.268769e-03 -1.038898e-19 3.411746e-01 2.918559e-03 -1.106200e-19 5.906697e-02 3.350210e-03 6.730223e-21
2.72           3.950698e-01 4.506022e-03 -1.030388e-19 3.361268e-01 1.210274e-03 -1.097540e-19 5.894299e-02 3.295749e-03 6.715247e-21
2.73           3.894537e-01 2.760628e-03 -1.024083e-19 3.306386e-01 -4.803497e-04 -1.091139e-19 5.881508e-02 3.240977e-03 6.705600e-21
2.74           3.846637e-01 -3.356503e-04 -1.020096e-19 3.259795e-01 -3.520758e-03 -1.086993e-19 5.868421e-02 3.185108e-03 6.689677e-21
2.75           3.863562e-01 6.119995e-04 -1.012010e-19 3.278016e-01 -2.518993e-03 -1.078455e-19 5.855455e-02 3.130993e-03 6.644555e-21
2.76           3.832968e-01 -2.633363e-03 -1.008975e-19 3.248731e-01 -5.709343e-03 -1.075239e-19 5.842375e-02 3.075980e-03 6.626354e-21
2.77           3.791997e-01 -5.773922e-03 -1.006840e-19 3.209085e-01 -8.793862e-03 -1.072981e-19 5.829124e-02 3.019940e-03 6.614025e-21
2.78           3.753648e-01 -9.042166e-03 -1.004992e-19 3.172076e-01 -1.200493e-02 -1.071013e-19 5.815718e-02 2.962766e-03 6.602090e-21
2.79           3.718124e-01 -1.243484e-02 -1.003772e-19 3.137907e-01 -1.533921e-02 -1.069693e-19 5.802174e-02 2.904368e-03 6.592127e-21
2.8            3.679692e-01 -1.593101e-02 -1.003911e-19 3.100845e-01 -1.877567e-02 -1.069806e-19 5.788469e-02 2.844660e-03 6.589451e-21
2.81           3.650685e-01 -1.902311e-02 -1.004309e-19 3.073219e-01 -2.180700e-02 -1.070169e-19 5.774661e-02 2.783882e-03 6.586058e-21
2.82           3.618090e-01 -2.346162e-02 -1.006367e-19 3.042018e-01 -2.618287e-02 -1.072283e-19 5.760719e-02 2.721248e-03 6.591560e-21
2.83           3.597541e-01 -2.424944e-02 -1.004166e-19 3.022868e-01 -2.690863e-02 -1.069952e-19 5.746730e-02 2.659190e-03 6.578587e-21
2.84           3.559590e-01 -2.498774e-02 -1.005714e-19 2.986337e-01 -2.758541e-02 -1.071610e-19 5.732523e-02 2.597670e-03 6.589594e-21
2.85           3.544826e-01 -2.395221e-02 -1.004181e-19 2.972986e-01 -2.648967e-02 -1.070026e-19 5.718401e-02 2.537456e-03 6.584488e-21
2.86           3.521823e-01 -2.654651e-02 -1.010509e-19 2.951374e-01 -2.902293e-02 -1.076423e-19 5.704493e-02 2.476423e-03 6.591350e-21
2.87           3.481826e-01 -2.962761e-02 -1.018873e-19 2.912764e-01 -3.204172e-02 -1.084939e-19 5.690622e-02 2.414115e-03 6.606610e-21
2.88           3.430068e-01 -3.157131e-02 -1.027712e-19 2.862378e-01 -3.392190e-02 -1.093999e-19 5.676903e-02 2.350586e-03 6.628685e-21
2.89           3.410193e-01 -3.573672e-02 -1.033415e-19 2.843866e-01 -3.802167e-02 -1.099749e-19 5.663269e-02 2.284945e-03 6.633330e-21
2.9            3.393803e-01 -4.037998e-02 -1.039734e-19 2.828833e-01 -4.259702e-02 -1.106131e-19 5.649697e-02 2.217042e-03 6.639713e-21
2.91           3.377594e-01 -4.460169e-02 -1.046381e-19 2.813976e-01 -4.674886e-02 -1.112874e-19 5.636176e-02 2.147177e-03 6.649342e-21
2.92           3.356698e-01 -4.744670e-02 -1.053440e-19 2.794431e-01 -4.952285e-02 -1.120073e-19 5.622665e-02 2.076153e-03 6.663383e-21
2.93           3.342082e-01 -5.116272e-02 -1.062543e-19 2.781162e-01 -5.316629e-02 -1.129364e-19 5.609194e-02 2.003570e-03 6.682125e-21
2.94           3.318411e-01 -5.561788e-02 -1.071790e-19 2.758842e-01 -5.754698e-02 -1.138781e-19 5.595698e-02 1.929099e-03 6.699135e-21
2.95           3.293030e-01 -6.025571e-02 -1.081581e-19 2.734814e-01 -6.210843e-02 -1.148769e-19 5.582157e-02 1.852713e-03 6.718759e-21
2.96           3.287803e-01 -6.441656e-02 -1.089530e-19 2.730934e-01 -6.619136e-02 -1.156875e-19 5.568693e-02 1.774799e-03 6.734540e-21
2.97           3.279826e-01 -6.851773e-02 -1.096810e-19 2.724298e-01 -7.021316e-02 -1.164368e-19 5.555281e-02 1.695425e-03 6.755766e-21
2.98           3.268309e-01 -7.280037e-02 -1.106735e-19 2.714120e-01 -7.441488e-02 -1.174547e-19 5.541889e-02 1.614515e-03 6.781197e-21
2.99           3.263277e-01 -7.706751e-02 -1.116933e-19 2.710422e-01 -7.859964e-02 -1.184976e-19 5.528546e-02 1.532128e-03 6.804261e-21
3              3.254087e-01 -8.046823e-02 -1.130783e-19 2.702566e-01 -8.191692e-02 -1.199157e-19 5.515206e-02 1.448693e-03 6.837407e-21
3.01           3.244385e-01 -8.490875e-02 -1.142612e-19 2.694199e-01 -8.627270e-02 -1.211282e-19 5.501862e-02 1.363944e-03 6.866996e-21
3.02           3.236987e-01 -8.924368e-02 -1.154856e-19 2.688136e-01 -9.052161e-02 -1.223834e-19 5.488518e-02 1.277937e-03 6.897814e-21
3.03           3.230401e-01 -9.346542e-02 -1.167813e-19 2.682884e-01 -9.465616e-02 -1.237116e-19 5.475169e-02 1.190741e-03 6.930274e-21
3.04           3.228420e-01 -9.770364e-02 -1.178652e-19 2.682237e-01 -9.880602e-02 -1.248283e-19 5.461827e-02 1.102380e-03 6.963088e-21
3.05           3.227136e-01 -1.017086e-01 -1.190053e-19 2.682287e-01 -1.027216e-01 -1.260034e-19 5.448487e-02 1.012999e-03 6.998173e-21
3.06           3.225458e-01 -1.049981e-01 -1.203027e-19 2.681944e-01 -1.059211e-01 -1.273407e-19 5.435137e-02 9.230227e-04 7.038037e-21
3.07           3.228146e-01 -1.099109e-01 -1.211015e-19 2.685965e-01 -1.107424e-01 -1.281677e-19 5.421806e-02 8.315059e-04 7.066190e-21
3.08           3.224657e-01 -1.152682e-01 -1.224055e-19 2.683813e-01 -1.160064e-01 -1.295035e-19 5.408445e-02 7.382408e-04 7.098039e-21
3.09           3.225980e-01 -1.191012e-01 -1.237018e-19 2.686473e-01 -1.197454e-01 -1.308417e-19 5.395066e-02 6.441523e-04 7.139916e-21
3.1            3.222598e-01 -1.225477e-01 -1.250857e-19 2.684435e-01 -1.230972e-01 -1.322668e-19 5.381634e-02 5.494608e-04 7.181022e-21
3.11           3.216403e-01 -1.259528e-01 -1.264716e-19 2.679590e-01 -1.264070e-01 -1.336979e-19 5.368124e-02 4.541967e-04 7.226310e-21
3.12           3.236718e-01 -1.291063e-01 -1.276512e-19 2.701249e-01 -1.294649e-01 -1.349074e-19 5.354693e-02 3.586134e-04 7.256185e-21
3.13           3.246760e-01 -1.315946e-01 -1.289567e-19 2.712633e-01 -1.318576e-01 -1.362490e-19 5.341273e-02 2.630103e-04 7.292355e-21
3.14           3.244574e-01 -1.342487e-01 -1.303040e-19 2.711795e-01 -1.344160e-01 -1.376377e-19 5.327788e-02 1.672725e-04 7.333754e-21
3.15           3.242061e-01 -1.367393e-01 -1.316291e-19 2.710638e-01 -1.368107e-01 -1.390036e-19 5.314230e-02 7.147770e-05 7.374550e-21
3.16           3.240637e-01 -1.391376e-01 -1.329335e-19 2.710577e-01 -1.391133e-01 -1.403473e-19 5.300597e-02 -2.435423e-05 7.413800e-21
3.17           3.240975e-01 -1.414621e-01 -1.342065e-19 2.712287e-01 -1.413418e-01 -1.416575e-19 5.286878e-02 -1.202514e-04 7.450957e-21
3.18           3.242544e-01 -1.435761e-01 -1.354192e-19 2.715240e-01 -1.433599e-01 -1.429047e-19 5.273039e-02 -2.162157e-04 7.485483e-21
3.19           3.248844e-01 -1.464688e-01 -1.367283e-19 2.722909e-01 -1.461567e-01 -1.442459e-19 5.259346e-02 -3.120886e-04 7.517601e-21
3.2            3.255080e-01 -1.496895e-01 -1.381725e-19 2.730492e-01 -1.492815e-01 -1.457242e-19 5.245882e-02 -4.079784e-04 7.551704e-21
3.21           3.235878e-01 -1.514850e-01 -1.396577e-19 2.712611e-01 -1.509823e-01 -1.472576e-19 5.232668e-02 -5.027562e-04 7.599921e-21
3.22           3.235236e-01 -1.529704e-01 -1.408957e-19 2.713284e-01 -1.523733e-01 -1.485333e-19 5.219519e-02 -5.970413e-04 7.637594e-21
3.23           3.217415e-01 -1.529826e-01 -1.422027e-19 2.696784e-01 -1.522924e-01 -1.498900e-19 5.206309e-02 -6.901523e-04 7.687270e-21
3.24           3.217100e-01 -1.547095e-01 -1.432252e-19 2.697785e-01 -1.539264e-01 -1.509333e-19 5.193148e-02 -7.830676e-04 7.708050e-21
3.25           3.222890e-01 -1.570158e-01 -1.446798e-19 2.704882e-01 -1.561397e-01 -1.524131e-19 5.180084e-02 -8.761197e-04 7.733231e-21
3.26           3.231031e-01 -1.590755e-01 -1.458761e-19 2.714317e-01 -1.581062e-01 -1.536319e-19 5.167144e-02 -9.692703e-04 7.755781e-21
3.27           3.244612e-01 -1.609568e-01 -1.468085e-19 2.729176e-01 -1.598944e-01 -1.545843e-19 5.154365e-02 -1.062381e-03 7.775803e-21
3.28           3.258868e-01 -1.629149e-01 -1.478059e-19 2.744692e-01 -1.617594e-01 -1.556014e-19 5.141760e-02 -1.155506e-03 7.795489e-21
3.29           3.264474e-01 -1.646703e-01 -1.488289e-19 2.751545e-01 -1.634217e-01 -1.566410e-19 5.129292e-02 -1.248585e-03 7.812121e-21
3.3            3.271831e-01 -1.669989e-01 -1.504213e-19 2.760132e-01 -1.656568e-01 -1.582510e-19 5.116990e-02 -1.342036e-03 7.829621e-21
3.31           3.294621e-01 -1.684597e-01 -1.511338e-19 2.784127e-01 -1.670241e-01 -1.589701e-19 5.104941e-02 -1.435616e-03 7.836261e-21
3.32           3.319875e-01 -1.699000e-01 -1.518622e-19 2.810559e-01 -1.683706e-01 -1.597057e-19 5.093164e-02 -1.529382e-03 7.843535e-21
3.33           3.337156e-01 -1.706910e-01 -1.524570e-19 2.828993e-01 -1.690682e-01 -1.603143e-19 5.081637e-02 -1.622827e-03 7.857330e-21
3.34           3.350080e-01 -1.716343e-01 -1.530038e-19 2.843046e-01 -1.699182e-01 -1.608702e-19 5.070333e-02 -1.716118e-03 7.866454e-21
3.35           3.373016e-01 -1.726211e-01 -1.535983e-19 2.867085e-01 -1.708118e-01 -1.614738e-19 5.059309e-02 -1.809258e-03 7.875471e-21
3.36           3.430211e-01 -1.744717e-01 -1.544825e-19 2.925336e-01 -1.725691e-01 -1.623662e-19 5.048753e-02 -1.902564e-03 7.883720e-21
3.37           3.450538e-01 -1.746920e-01 -1.551106e-19 2.946690e-01 -1.726968e-01 -1.630164e-19 5.038480e-02 -1.995207e-03 7.905780e-21
3.38           3.461422e-01 -1.747491e-01 -1.555667e-19 2.958578e-01 -1.726620e-01 -1.634903e-19 5.028440e-02 -2.087103e-03 7.923563e-21
3.39           3.490179e-01 -1.743889e-01 -1.553908e-19 2.988304e-01 -1.722110e-01 -1.633243e-19 5.018751e-02 -2.177957e-03 7.933439e-21
3.4            3.538992e-01 -1.770383e-01 -1.560931e-19 3.038045e-01 -1.747689e-01 -1.640367e-19 5.009479e-02 -2.269318e-03 7.943576e-21
3.41           3.537231e-01 -1.759944e-01 -1.561626e-19 3.037193e-01 -1.736354e-01 -1.641268e-19 5.000387e-02 -2.359050e-03 7.964235e-21
3.42           3.546955e-01 -1.756663e-01 -1.565216e-19 3.047801e-01 -1.732187e-01 -1.645120e-19 4.991537e-02 -2.447579e-03 7.990385e-21
3.43           3.569930e-01 -1.748580e-01 -1.566248e-19 3.071628e-01 -1.723237e-01 -1.646346e-19 4.983018e-02 -2.534343e-03 8.009813e-21
3.44           3.590554e-01 -1.742416e-01 -1.567605e-19 3.093072e-01 -1.716224e-01 -1.647961e-19 4.974818e-02 -2.619243e-03 8.035618e-21
3.45           3.618733e-01 -1.725759e-01 -1.567728e-19 3.122034e-01 -1.698745e-01 -1.648255e-19 4.966990e-02 -2.701426e-03 8.052690e-21
3.46           3.648030e-01 -1.708659e-01 -1.567307e-19 3.152075e-01 -1.680852e-01 -1.648024e-19 4.959547e-02 -2.780693e-03 8.071684e-21
3.47           3.678720e-01 -1.690195e-01 -1.565676e-19 3.183469e-01 -1.661626e-01 -1.646598e-19 4.952509e-02 -2.856909e-03 8.092140e-21
3.48           3.711899e-01 -1.667324e-01 -1.560795e-19 3.217305e-01 -1.638020e-01 -1.641942e-19 4.945944e-02 -2.930334e-03 8.114688e-21
3.49           3.744239e-01 -1.656948e-01 -1.572612e-19 3.250283e-01 -1.626973e-01 -1.654131e-19 4.939554e-02 -2.997533e-03 8.151915e-21
3.5            3.770900e-01 -1.647962e-01 -1.576206e-19 3.277558e-01 -1.617361e-01 -1.658006e-19 4.933416e-02 -3.060075e-03 8.179936e-21
3.51           3.804291e-01 -1.627398e-01 -1.573984e-19 3.311524e-01 -1.596214e-01 -1.656070e-19 4.927673e-02 -3.118341e-03 8.208561e-21
3.52           3.838428e-01 -1.605818e-01 -1.571331e-19 3.346196e-01 -1.574097e-01 -1.653727e-19 4.922320e-02 -3.172130e-03 8.239513e-21
3.53           3.869671e-01 -1.581906e-01 -1.568677e-19 3.377939e-01 -1.549694e-01 -1.651413e-19 4.917320e-02 -3.221196e-03 8.273526e-21
3.54           3.902352e-01 -1.553803e-01 -1.565956e-19 3.411087e-01 -1.521151e-01 -1.649044e-19 4.912654e-02 -3.265213e-03 8.308747e-21
3.55           3.948694e-01 -1.528170e-01 -1.564823e-19 3.457852e-01 -1.495129e-01 -1.648247e-19 4.908419e-02 -3.304070e-03 8.342384e-21
3.56           3.991686e-01 -1.506397e-01 -1.563669e-19 3.501211e-01 -1.473022e-01 -1.647477e-19 4.904750e-02 -3.337509e-03 8.380787e-21
3.57           4.028897e-01 -1.480685e-01 -1.563154e-19 3.538731e-01 -1.447033e-01 -1.647400e-19 4.901663e-02 -3.365149e-03 8.424564e-21
3.58           4.062785e-01 -1.451146e-01 -1.557519e-19 3.572883e-01 -1.417276e-01 -1.642214e-19 4.899020e-02 -3.387075e-03 8.469464e-21
3.59           4.095463e-01 -1.423291e-01 -1.551531e-19 3.605786e-01 -1.389257e-01 -1.636716e-19 4.896770e-02 -3.403430e-03 8.518485e-21
3.6            4.115731e-01 -1.407429e-01 -1.549435e-19 3.626248e-01 -1.373280e-01 -1.635219e-19 4.894828e-02 -3.414858e-03 8.578402e-21
3.61           4.168069e-01 -1.357460e-01 -1.542896e-19 3.678729e-01 -1.323268e-01 -1.629091e-19 4.893403e-02 -3.419255e-03 8.619425e-21
3.62           4.194047e-01 -1.317395e-01 -1.537286e-19 3.704816e-01 -1.283222e-01 -1.624013e-19 4.892312e-02 -3.417270e-03 8.672686e-21
3.63           4.248550e-01 -1.263272e-01 -1.527677e-19 3.759375e-01 -1.229193e-01 -1.614779e-19 4.891741e-02 -3.407929e-03 8.710262e-21
3.64           4.243947e-01 -1.231227e-01 -1.517092e-19 3.754813e-01 -1.197296e-01 -1.604937e-19 4.891340e-02 -3.393086e-03 8.784569e-21
3.65           4.327401e-01 -1.169488e-01 -1.509751e-19 3.838241e-01 -1.135780e-01 -1.598005e-19 4.891595e-02 -3.370795e-03 8.825403e-21
3.66           4.369100e-01 -1.118703e-01 -1.500858e-19 3.879874e-01 -1.085286e-01 -1.589670e-19 4.892260e-02 -3.341772e-03 8.881226e-21
3.67           4.447148e-01 -1.036051e-01 -1.487762e-19 3.957794e-01 -1.003007e-01 -1.576939e-19 4.893546e-02 -3.304409e-03 8.917683e-21
3.68           4.479215e-01 -9.789515e-02 -1.476441e-19 3.989698e-01 -9.463528e-02 -1.566123e-19 4.895173e-02 -3.259864e-03 8.968191e-21
3.69           4.520730e-01 -1.008413e-01 -1.484016e-19 4.031019e-01 -9.762821e-02 -1.574608e-19 4.897105e-02 -3.213068e-03 9.059201e-21
3.7            4.532166e-01 -9.919150e-02 -1.481196e-19 4.042251e-01 -9.602930e-02 -1.572627e-19 4.899142e-02 -3.162200e-03 9.143067e-21
3.71           4.590602e-01 -9.865540e-02 -1.479699e-19 4.100453e-01 -9.554736e-02 -1.571757e-19 4.901488e-02 -3.108032e-03 9.205806e-21
3.72           4.589873e-01 -9.355870e-02 -1.470219e-19 4.099491e-01 -9.050988e-02 -1.563026e-19 4.903820e-02 -3.048821e-03 9.280704e-21
3.73           4.591722e-01 -8.918647e-02 -1.460528e-19 4.101099e-01 -8.620212e-02 -1.554088e-19 4.906225e-02 -2.984350e-03 9.355963e-21
3.74           4.625464e-01 -8.401105e-02 -1.452468e-19 4.134579e-01 -8.109655e-02 -1.546655e-19 4.908848e-02 -2.914496e-03 9.418692e-21
3.75           4.638241e-01 -7.942433e-02 -1.443884e-19 4.147084e-01 -7.658448e-02 -1.538798e-19 4.911569e-02 -2.839850e-03 9.491469e-21
3.76           4.646486e-01 -7.484177e-02 -1.434890e-19 4.155050e-01 -7.208107e-02 -1.530554e-19 4.914354e-02 -2.760703e-03 9.566313e-21
3.77           4.664647e-01 -7.009911e-02 -1.426812e-19 4.172921e-01 -6.742184e-02 -1.523195e-19 4.917256e-02 -2.677276e-03 9.638323e-21
3.78           4.676198e-01 -6.526975e-02 -1.417951e-19 4.184174e-01 -6.267992e-02 -1.515080e-19 4.920239e-02 -2.589822e-03 9.712898e-21
3.79           4.680429e-01 -6.069629e-02 -1.408511e-19 4.188102e-01 -5.819750e-02 -1.506404e-19 4.923268e-02 -2.498792e-03 9.789344e-21
3.8            4.687765e-01 -5.637780e-02 -1.399787e-19 4.195128e-01 -5.397314e-02 -1.498459e-19 4.926366e-02 -2.404657e-03 9.867180e-21
3.81           4.696363e-01 -5.195972e-02 -1.391143e-19 4.203408e-01 -4.965199e-02 -1.490595e-19 4.929546e-02 -2.307723e-03 9.945172e-21
3.82           4.704201e-01 -4.745032e-02 -1.382207e-19 4.210920e-01 -4.524203e-02 -1.482419e-19 4.932810e-02 -2.208288e-03 1.002119e-20
3.83           4.711649e-01 -4.292244e-02 -1.373358e-19 4.218032e-01 -4.081576e-02 -1.474320e-19 4.936164e-02 -2.106680e-03 1.009615e-20
3.84           4.719072e-01 -3.812767e-02 -1.365429e-19 4.225110e-01 -3.612460e-02 -1.467169e-19 4.939620e-02 -2.003063e-03 1.017399e-20
3.85           4.728058e-01 -3.357207e-02 -1.358585e-19 4.233737e-01 -3.167420e-02 -1.461117e-19 4.943202e-02 -1.897867e-03 1.025311e-20
3.86           4.732330e-01 -2.922905e-02 -1.350745e-19 4.237641e-01 -2.743754e-02 -1.453975e-19 4.946894e-02 -1.791508e-03 1.032306e-20
3.87           4.734196e-01 -2.528435e-02 -1.344363e-19 4.239127e-01 -2.359987e-02 -1.448274e-19 4.950696e-02 -1.684481e-03 1.039112e-20
3.88           4.749092e-01 -2.085692e-02 -1.332550e-19 4.253621e-01 -1.928021e-02 -1.437071e-19 4.954707e-02 -1.576717e-03 1.045214e-20
3.89           4.764672e-01 -1.774239e-02 -1.323593e-19 4.268778e-01 -1.627319e-02 -1.428676e-19 4.958938e-02 -1.469207e-03 1.050834e-20
3.9            4.793082e-01 -1.717647e-02 -1.315918e-19 4.296735e-01 -1.581283e-02 -1.421458e-19 4.963463e-02 -1.363642e-03 1.055401e-20
3.91           4.763753e-01 -3.665785e-03 -1.297579e-19 4.266952e-01 -2.413134e-03 -1.403724e-19 4.968012e-02 -1.252651e-03 1.061444e-20
3.92           4.771448e-01 -5.454250e-04 -1.291405e-19 4.274171e-01 5.971278e-04 -1.397972e-19 4.972769e-02 -1.142553e-03 1.065663e-20
3.93           4.781254e-01 2.385386e-03 -1.285129e-19 4.283480e-01 3.419022e-03 -1.392041e-19 4.977746e-02 -1.033636e-03 1.069127e-20
3.94           4.792222e-01 5.365350e-03 -1.278990e-19 4.293927e-01 6.291392e-03 -1.386184e-19 4.982951e-02 -9.260422e-04 1.071939e-20
3.95           4.804121e-01 8.361093e-03 -1.272798e-19 4.305282e-01 9.181012e-03 -1.380201e-19 4.988390e-02 -8.199191e-04 1.074032e-20
3.96           4.818384e-01 9.456105e-03 -1.269733e-19 4.318977e-01 1.017265e-02 -1.377322e-19 4.994067e-02 -7.165469e-04 1.075891e-20
3.97           4.815181e-01 1.382942e-02 -1.259603e-19 4.315192e-01 1.444354e-02 -1.367175e-19 4.999882e-02 -6.141193e-04 1.075722e-20
3.98           4.870398e-01 1.599522e-02 -1.256655e-19 4.369782e-01 1.650923e-02 -1.364027e-19 5.006156e-02 -5.140060e-04 1.073724e-20
3.99           4.896404e-01 1.889834e-02 -1.252502e-19 4.395133e-01 1.931427e-02 -1.359698e-19 5.012712e-02 -4.159307e-04 1.071963e-20
4              4.924579e-01 2.171158e-02 -1.247716e-19 4.422624e-01 2.203154e-02 -1.354702e-19 5.019555e-02 -3.199622e-04 1.069853e-20
4.01           4.982257e-01 2.411373e-02 -1.244099e-19 4.479572e-01 2.434010e-02 -1.350747e-19 5.026854e-02 -2.263645e-04 1.066479e-20
4.02           4.986230e-01 2.667046e-02 -1.237867e-19 4.482802e-01 2.680568e-02 -1.344238e-19 5.034284e-02 -1.352217e-04 1.063703e-20
4.03           4.990834e-01 2.827085e-02 -1.234066e-19 4.486652e-01 2.831796e-02 -1.340048e-19 5.041813e-02 -4.711320e-05 1.059815e-20
4.04           4.986724e-01 3.048445e-02 -1.229677e-19 4.481790e-01 3.044606e-02 -1.335087e-19 5.049336e-02 3.838811e-05 1.054102e-20
4.05           4.981040e-01 3.562938e-02 -1.221412e-19 4.475359e-01 3.550612e-02 -1.326268e-19 5.056816e-02 1.232627e-04 1.048567e-20
4.06           4.994865e-01 3.643668e-02 -1.217942e-19 4.488430e-01 3.623158e-02 -1.322180e-19 5.064351e-02 2.050953e-04 1.042385e-20
4.07           5.026257e-01 3.051627e-02 -1.220748e-19 4.519055e-01 3.023630e-02 -1.324225e-19 5.072012e-02 2.799650e-04 1.034769e-20
4.08           5.027358e-01 2.922960e-02 -1.221301e-19 4.519396e-01 2.887917e-02 -1.324157e-19 5.079621e-02 3.504366e-04 1.028567e-20
4.09           5.031383e-01 3.050485e-02 -1.217405e-19 4.522663e-01 3.008672e-02 -1.319483e-19 5.087205e-02 4.181266e-04 1.020783e-20
4.1            5.058135e-01 2.420307e-02 -1.220962e-19 4.548649e-01 2.372434e-02 -1.322111e-19 5.094865e-02 4.787270e-04 1.011487e-20
4.11           5.054974e-01 2.844693e-02 -1.215575e-19 4.544728e-01 2.790870e-02 -1.315879e-19 5.102459e-02 5.382283e-04 1.003031e-20
4.12           5.042171e-01 2.955569e-02 -1.212179e-19 4.531178e-01 2.896072e-02 -1.311611e-19 5.109928e-02 5.949757e-04 9.943173e-21
4.13           5.010533e-01 2.542440e-02 -1.210841e-19 4.498816e-01 2.477846e-02 -1.309400e-19 5.117169e-02 6.459375e-04 9.855867e-21
4.14           4.996585e-01 2.614221e-02 -1.208919e-19 4.484155e-01 2.544831e-02 -1.306519e-19 5.124295e-02 6.938952e-04 9.760031e-21
4.15           4.985524e-01 2.684901e-02 -1.207098e-19 4.472390e-01 2.611012e-02 -1.303697e-19 5.131337e-02 7.388905e-04 9.659940e-21
4.16           4.972668e-01 2.741723e-02 -1.205924e-19 4.458838e-01 2.663637e-02 -1.301497e-19 5.138301e-02 7.808589e-04 9.557327e-21
4.17           4.958411e-01 2.786890e-02 -1.205057e-19 4.443892e-01 2.704914e-02 -1.299568e-19 5.145199e-02 8.197529e-04 9.451074e-21
4.18           4.942852e-01 2.830882e-02 -1.204660e-19 4.427648e-01 2.745323e-02 -1.298088e-19 5.152043e-02 8.555929e-04 9.342847e-21
4.19           4.927252e-01 2.890099e-02 -1.204389e-19 4.411367e-01 2.801248e-02 -1.296711e-19 5.158854e-02 8.885096e-04 9.232115e-21
4.2            4.911367e-01 2.964431e-02 -1.204351e-19 4.394802e-01 2.872566e-02 -1.295545e-19 5.165653e-02 9.186509e-04 9.119401e-21
4.21           4.880692e-01 2.944433e-02 -1.207946e-19 4.363456e-01 2.849879e-02 -1.297985e-19 5.172364e-02 9.455387e-04 9.003985e-21
4.22           4.861749e-01 2.987191e-02 -1.210439e-19 4.343841e-01 2.890226e-02 -1.299324e-19 5.179079e-02 9.696489e-04 8.888497e-21
4.23           4.826313e-01 2.964432e-02 -1.214620e-19 4.307743e-01 2.865362e-02 -1.302318e-19 5.185704e-02 9.906976e-04 8.769830e-21
4.24           4.801334e-01 3.017538e-02 -1.216706e-19 4.282102e-01 2.916607e-02 -1.303199e-19 5.192314e-02 1.009314e-03 8.649303e-21
4.25           4.796135e-01 3.127690e-02 -1.220912e-19 4.276232e-01 3.025062e-02 -1.306179e-19 5.199027e-02 1.026272e-03 8.526715e-21
4.26           4.749972e-01 3.186606e-02 -1.217841e-19 4.229406e-01 3.082558e-02 -1.302178e-19 5.205662e-02 1.040476e-03 8.433661e-21
4.27           4.713899e-01 3.248426e-02 -1.218455e-19 4.192673e-01 3.143194e-02 -1.301775e-19 5.212261e-02 1.052319e-03 8.331971e-21
4.28           4.680776e-01 3.244088e-02 -1.223224e-19 4.158896e-01 3.137890e-02 -1.305378e-19 5.218797e-02 1.061984e-03 8.215384e-21
4.29           4.663493e-01 3.317940e-02 -1.228790e-19 4.140957e-01 3.210917e-02 -1.309845e-19 5.225361e-02 1.070233e-03 8.105564e-21
4.3            4.646249e-01 3.480074e-02 -1.234507e-19 4.123055e-01 3.372286e-02 -1.314512e-19 5.231938e-02 1.077879e-03 8.000495e-21
4.31           4.630297e-01 3.617153e-02 -1.240912e-19 4.106445e-01 3.508644e-02 -1.319912e-19 5.238514e-02 1.085091e-03 7.899999e-21
4.32           4.618913e-01 3.763498e-02 -1.247955e-19 4.094403e-01 3.654272e-02 -1.325993e-19 5.245099e-02 1.092265e-03 7.803884e-21
4.33           4.608009e-01 3.847580e-02 -1.256339e-19 4.082842e-01 3.737632e-02 -1.333490e-19 5.251673e-02 1.099474e-03 7.715140e-21
4.34           4.602559e-01 3.927525e-02 -1.265262e-19 4.076734e-01 3.816824e-02 -1.341576e-19 5.258247e-02 1.107013e-03 7.631364e-21
4.35           4.602482e-01 4.009507e-02 -1.274817e-19 4.075998e-01 3.897982e-02 -1.350353e-19 5.264838e-02 1.115249e-03 7.553591e-21
4.36           4.604096e-01 4.092402e-02 -1.284848e-19 4.076952e-01 3.979946e-02 -1.359671e-19 5.271441e-02 1.124557e-03 7.482321e-21
4.37           4.601513e-01 4.180942e-02 -1.296087e-19 4.073712e-01 4.067408e-02 -1.370262e-19 5.278019e-02 1.135339e-03 7.417481e-21
4.38           4.599431e-01 4.278847e-02 -1.308105e-19 4.070975e-01 4.164044e-02 -1.381709e-19 5.284561e-02 1.148033e-03 7.360470e-21
4.39           4.598618e-01 4.380824e-02 -1.319479e-19 4.069512e-01 4.264520e-02 -1.392585e-19 5.291059e-02 1.163035e-03 7.310666e-21
4.4            4.596630e-01 4.491606e-02 -1.330585e-19 4.066881e-01 4.373529e-02 -1.403272e-19 5.297495e-02 1.180776e-03 7.268761e-21
4.41           4.590963e-01 4.619787e-02 -1.341258e-19 4.060579e-01 4.499613e-02 -1.413613e-19 5.303841e-02 1.201734e-03 7.235418e-21
4.42           4.627444e-01 4.838267e-02 -1.358540e-19 4.096411e-01 4.715598e-02 -1.430493e-19 5.310329e-02 1.226692e-03 7.195255e-21
4.43           4.632144e-01 5.152745e-02 -1.370735e-19 4.100467e-01 5.027092e-02 -1.442457e-19 5.316770e-02 1.256529e-03 7.172142e-21
4.44           4.657803e-01 5.240501e-02 -1.384394e-19 4.125478e-01 5.111447e-02 -1.455911e-19 5.323252e-02 1.290543e-03 7.151705e-21
4.45           4.722188e-01 4.948667e-02 -1.402226e-19 4.189191e-01 4.815954e-02 -1.473499e-19 5.329963e-02 1.327132e-03 7.127312e-21
4.46           4.838205e-01 4.517063e-02 -1.426606e-19 4.304486e-01 4.380496e-02 -1.497550e-19 5.337187e-02 1.365678e-03 7.094466e-21
4.47           4.838347e-01 4.682094e-02 -1.441109e-19 4.303911e-01 4.541145e-02 -1.512190e-19 5.344360e-02 1.409492e-03 7.108071e-21
4.48           4.817187e-01 4.885706e-02 -1.450656e-19 4.282049e-01 4.739779e-02 -1.521952e-19 5.351377e-02 1.459267e-03 7.129628e-21
4.49           4.799550e-01 5.154291e-02 -1.459233e-19 4.263723e-01 5.002733e-02 -1.530772e-19 5.358268e-02 1.515588e-03 7.153919e-21
4.5            4.787991e-01 5.416820e-02 -1.469348e-19 4.251485e-01 5.258945e-02 -1.541233e-19 5.365066e-02 1.578753e-03 7.188521e-21
4.51           4.780529e-01 5.722641e-02 -1.475495e-19 4.243349e-01 5.557714e-02 -1.547682e-19 5.371802e-02 1.649270e-03 7.218688e-21
4.52           4.770963e-01 6.118181e-02 -1.481419e-19 4.233117e-01 5.945393e-02 -1.553971e-19 5.378456e-02 1.727875e-03 7.255189e-21
4.53           4.770821e-01 6.447453e-02 -1.493083e-19 4.232312e-01 6.266001e-02 -1.566096e-19 5.385092e-02 1.814527e-03 7.301368e-21
4.54           4.770129e-01 6.697203e-02 -1.506252e-19 4.230959e-01 6.506309e-02 -1.579858e-19 5.391696e-02 1.908939e-03 7.360592e-21
4.55           4.774486e-01 6.284194e-02 -1.525602e-19 4.234659e-01 6.083467e-02 -1.599582e-19 5.398271e-02 2.007270e-03 7.397950e-21
4.56           4.793550e-01 5.779990e-02 -1.543512e-19 4.253064e-01 5.569102e-02 -1.617756e-19 5.404853e-02 2.108887e-03 7.424361e-21
4.57           4.834892e-01 4.894323e-02 -1.565752e-19 4.293742e-01 4.673158e-02 -1.640355e-19 5.411491e-02 2.211648e-03 7.460327e-21
4.58           4.909039e-01 4.466351e-02 -1.581404e-19 4.367201e-01 4.234539e-02 -1.656195e-19 5.418380e-02 2.318118e-03 7.479057e-21
4.59           4.878408e-01 7.100041e-02 -1.557392e-19 4.335908e-01 6.855431e-02 -1.632593e-19 5.425002e-02 2.446095e-03 7.520173e-21
4.6            4.844775e-01 8.946241e-02 -1.545392e-19 4.301660e-01 8.687174e-02 -1.621216e-19 5.431146e-02 2.590667e-03 7.582403e-21
4.61           4.854776e-01 9.970564e-02 -1.542903e-19 4.311116e-01 9.695958e-02 -1.619253e-19 5.436596e-02 2.746060e-03 7.635000e-21
4.62           4.882180e-01 9.004392e-02 -1.561738e-19 4.337968e-01 8.714184e-02 -1.638380e-19 5.442115e-02 2.902077e-03 7.664201e-21
4.63           4.864504e-01 9.071180e-02 -1.566434e-19 4.319655e-01 8.764578e-02 -1.643497e-19 5.448490e-02 3.066021e-03 7.706256e-21
4.64           4.823698e-01 9.247272e-02 -1.571297e-19 4.278052e-01 8.923199e-02 -1.648961e-19 5.456462e-02 3.240736e-03 7.766424e-21
4.65           4.801448e-01 9.588644e-02 -1.574743e-19 4.254926e-01 9.246062e-02 -1.653092e-19 5.465216e-02 3.425820e-03 7.834957e-21
4.66           4.846409e-01 1.017750e-01 -1.573752e-19 4.298946e-01 9.815358e-02 -1.652370e-19 5.474634e-02 3.621389e-03 7.861809e-21
4.67           4.891517e-01 9.929687e-02 -1.581745e-19 4.343061e-01 9.547519e-02 -1.660587e-19 5.484566e-02 3.821680e-03 7.884169e-21
4.68           5.042987e-01 1.091554e-01 -1.577340e-19 4.493432e-01 1.051216e-01 -1.656034e-19 5.495557e-02 4.033747e-03 7.869347e-21
4.69           5.091782e-01 1.113907e-01 -1.579635e-19 4.541078e-01 1.071388e-01 -1.658835e-19 5.507040e-02 4.251919e-03 7.919957e-21
4.7            5.122783e-01 1.115918e-01 -1.583456e-19 4.570901e-01 1.071165e-01 -1.663021e-19 5.518824e-02 4.475246e-03 7.956544e-21
4.71           5.169757e-01 1.135560e-01 -1.585731e-19 4.616659e-01 1.088518e-01 -1.665563e-19 5.530983e-02 4.704287e-03 7.983264e-21
4.72           5.246486e-01 1.174454e-01 -1.586250e-19 4.692130e-01 1.125052e-01 -1.666391e-19 5.543560e-02 4.940239e-03 8.014106e-21
4.73           5.301147e-01 1.215171e-01 -1.584048e-19 4.745501e-01 1.163345e-01 -1.664450e-19 5.556467e-02 5.182540e-03 8.040175e-21
4.74           5.324699e-01 1.250248e-01 -1.580603e-19 4.767742e-01 1.195947e-01 -1.661201e-19 5.569569e-02 5.430142e-03 8.059801e-21
4.75           5.349446e-01 1.291889e-01 -1.575616e-19 4.791161e-01 1.235059e-01 -1.656367e-19 5.582845e-02 5.683008e-03 8.075008e-21
4.76           5.303510e-01 1.355320e-01 -1.563809e-19 4.743922e-01 1.295904e-01 -1.644941e-19 5.595880e-02 5.941600e-03 8.113268e-21
4.77           5.303430e-01 1.422174e-01 -1.554729e-19 4.742537e-01 1.360117e-01 -1.636218e-19 5.608928e-02 6.205762e-03 8.148912e-21
4.78           5.280524e-01 1.476211e-01 -1.541122e-19 4.718343e-01 1.411470e-01 -1.622729e-19 5.621809e-02 6.474111e-03 8.160631e-21
4.79           5.218379e-01 1.537635e-01 -1.525112e-19 4.654951e-01 1.470169e-01 -1.607024e-19 5.634279e-02 6.746611e-03 8.191119e-21
4.8            5.163083e-01 1.592359e-01 -1.509516e-19 4.598446e-01 1.522136e-01 -1.591701e-19 5.646371e-02 7.022360e-03 8.218580e-21
4.81           5.213346e-01 1.620444e-01 -1.500666e-19 4.647483e-01 1.547450e-01 -1.582744e-19 5.658629e-02 7.299343e-03 8.207755e-21
4.82           5.228326e-01 1.653846e-01 -1.489647e-19 4.661243e-01 1.578075e-01 -1.571790e-19 5.670829e-02 7.577120e-03 8.214318e-21
4.83           5.171527e-01 1.670307e-01 -1.475867e-19 4.603272e-01 1.591766e-01 -1.558325e-19 5.682550e-02 7.854022e-03 8.245829e-21
4.84           5.120741e-01 1.641768e-01 -1.464384e-19 4.551362e-01 1.560502e-01 -1.547097e-19 5.693792e-02 8.126663e-03 8.271328e-21
4.85           5.078755e-01 1.650745e-01 -1.451269e-19 4.508295e-01 1.566777e-01 -1.534334e-19 5.704597e-02 8.396789e-03 8.306468e-21
4.86           5.004736e-01 1.644648e-01 -1.436596e-19 4.433257e-01 1.558015e-01 -1.520236e-19 5.714789e-02 8.663281e-03 8.363951e-21
4.87           4.955077e-01 1.619997e-01 -1.424493e-19 4.382639e-01 1.530766e-01 -1.508495e-19 5.724380e-02 8.923169e-03 8.400207e-21
4.88           4.914836e-01 1.628059e-01 -1.408567e-19 4.341478e-01 1.536259e-01 -1.492754e-19 5.733580e-02 9.179995e-03 8.418685e-21
4.89           4.861737e-01 1.596398e-01 -1.397083e-19 4.287499e-01 1.502077e-01 -1.481676e-19 5.742386e-02 9.432043e-03 8.459288e-21
4.9            4.819339e-01 1.562849e-01 -1.385755e-19 4.244277e-01 1.466087e-01 -1.470710e-19 5.750625e-02 9.676220e-03 8.495511e-21
4.91           4.803601e-01 1.518398e-01 -1.375017e-19 4.227763e-01 1.419288e-01 -1.460190e-19 5.758387e-02 9.911022e-03 8.517314e-21
4.92           4.772556e-01 1.486833e-01 -1.363421e-19 4.196003e-01 1.385469e-01 -1.448909e-19 5.765526e-02 1.013640e-02 8.548799e-21
4.93           4.774204e-01 1.445001e-01 -1.352544e-19 4.196986e-01 1.341489e-01 -1.438174e-19 5.772178e-02 1.035113e-02 8.562986e-21
4.94           4.743020e-01 1.430085e-01 -1.340792e-19 4.165210e-01 1.324524e-01 -1.426784e-19 5.778096e-02 1.055605e-02 8.599176e-21
4.95           4.717656e-01 1.414061e-01 -1.327997e-19 4.139332e-01 1.306556e-01 -1.414232e-19 5.783249e-02 1.075050e-02 8.623582e-21
4.96           4.697145e-01 1.409884e-01 -1.315856e-19 4.118383e-01 1.300538e-01 -1.402338e-19 5.787613e-02 1.093465e-02 8.648237e-21
4.97           4.521628e-01 1.382911e-01 -1.297146e-19 3.942600e-01 1.271845e-01 -1.384328e-19 5.790282e-02 1.110660e-02 8.718120e-21
4.98           4.493165e-01 1.397146e-01 -1.281790e-19 3.913967e-01 1.284465e-01 -1.369300e-19 5.791987e-02 1.126807e-02 8.751001e-21
4.99           4.495361e-01 1.458315e-01 -1.263195e-19 3.916085e-01 1.344107e-01 -1.351050e-19 5.792757e-02 1.142081e-02 8.785544e-21
5              4.452225e-01 1.424346e-01 -1.252292e-19 3.872982e-01 1.308741e-01 -1.340612e-19 5.792432e-02 1.156050e-02 8.831969e-21
