# Moment      
# CofR        : (2.000000e-01 2.000000e-01 5.000000e-02)
#
# Time        	total_x total_y total_z	pressure_x pressure_y pressure_z	viscous_x viscous_y viscous_z
0.01           1.658767e-04 3.820731e-02 5.216742e-07 1.682718e-04 3.671087e-02 -7.520422e-14 -2.395060e-06 1.496436e-03 5.216743e-07
0.02           -1.321481e-04 1.767192e-03 -9.047125e-07 -1.291910e-04 5.589889e-04 -3.488799e-15 -2.957151e-06 1.208203e-03 -9.047125e-07
0.03           2.403326e-06 2.247286e-03 -1.068681e-06 -1.449678e-06 1.241616e-03 -3.572766e-15 3.853005e-06 1.005670e-03 -1.068681e-06
0.04           6.308238e-06 1.934245e-03 -1.056705e-06 -8.080366e-09 1.061418e-03 -2.029950e-15 6.316318e-06 8.728268e-04 -1.056705e-06
0.05           1.138069e-05 1.738245e-03 -9.856006e-07 4.056867e-06 9.576869e-04 -1.405087e-15 7.323824e-06 7.805582e-04 -9.856006e-07
0.06           1.416001e-05 1.597354e-03 -9.004612e-07 6.472743e-06 8.839459e-04 -1.050650e-15 7.687264e-06 7.134085e-04 -9.004612e-07
0.07           1.556781e-05 1.491817e-03 -8.176166e-07 7.855536e-06 8.291409e-04 -8.231860e-16 7.712271e-06 6.626758e-04 -8.176166e-07
0.08           1.656098e-05 1.410337e-03 -7.424086e-07 8.996358e-06 7.871870e-04 -6.600856e-16 7.564618e-06 6.231504e-04 -7.424086e-07
0.09           1.689044e-05 1.346288e-03 -6.760884e-07 9.570221e-06 7.547184e-04 -5.260752e-16 7.320215e-06 5.915701e-04 -6.760884e-07
0.1            1.684005e-05 1.294363e-03 -6.183852e-07 9.816011e-06 7.285829e-04 -4.064017e-16 7.024044e-06 5.657799e-04 -6.183852e-07
0.11           1.692737e-05 1.251865e-03 -5.683810e-07 1.021191e-05 7.075266e-04 -2.898907e-16 6.715467e-06 5.443388e-04 -5.683810e-07
0.12           1.660176e-05 1.216759e-03 -5.251074e-07 1.020702e-05 6.905089e-04 -1.902385e-16 6.394748e-06 5.262502e-04 -5.251074e-07
0.13           1.628289e-05 1.187190e-03 -4.875747e-07 1.019559e-05 6.764026e-04 -9.643555e-17 6.087306e-06 5.107878e-04 -4.875747e-07
0.14           1.599963e-05 1.162146e-03 -4.549020e-07 1.019860e-05 6.647180e-04 -5.543831e-18 5.801026e-06 4.974281e-04 -4.549020e-07
0.15           1.562747e-05 1.140693e-03 -4.263233e-07 1.009524e-05 6.549146e-04 8.235363e-17 5.532232e-06 4.857785e-04 -4.263233e-07
0.16           1.529091e-05 1.122397e-03 -4.012057e-07 1.000256e-05 6.468499e-04 1.694981e-16 5.288354e-06 4.755473e-04 -4.012057e-07
0.17           1.501734e-05 1.106658e-03 -3.789987e-07 9.948954e-06 6.401526e-04 2.544589e-16 5.068389e-06 4.665059e-04 -3.789987e-07
0.18           1.474373e-05 1.093142e-03 -3.592750e-07 9.874220e-06 6.346646e-04 3.387971e-16 4.869506e-06 4.584771e-04 -3.592750e-07
0.19           1.442980e-05 1.081396e-03 -3.416597e-07 9.741975e-06 6.300825e-04 4.199793e-16 4.687829e-06 4.513133e-04 -3.416597e-07
0.2            1.419648e-05 1.071272e-03 -3.258185e-07 9.671107e-06 6.263722e-04 5.026327e-16 4.525376e-06 4.448999e-04 -3.258185e-07
0.21           1.398247e-05 1.062561e-03 -3.115474e-07 9.600721e-06 6.234181e-04 5.838640e-16 4.381753e-06 4.391427e-04 -3.115474e-07
0.22           1.364520e-05 1.055214e-03 -2.986311e-07 9.399330e-06 6.212449e-04 6.610254e-16 4.245868e-06 4.339693e-04 -2.986311e-07
0.23           1.354037e-05 1.048791e-03 -2.867732e-07 9.417605e-06 6.194846e-04 7.423354e-16 4.122764e-06 4.293062e-04 -2.867732e-07
0.24           1.354384e-05 1.043164e-03 -2.760004e-07 9.525383e-06 6.180646e-04 8.236879e-16 4.018459e-06 4.250994e-04 -2.760004e-07
0.25           1.340233e-05 1.038616e-03 -2.661435e-07 9.477215e-06 6.173167e-04 9.092602e-16 3.925111e-06 4.212996e-04 -2.661435e-07
0.26           1.321716e-05 1.034801e-03 -2.570551e-07 9.377934e-06 6.169404e-04 9.943565e-16 3.839228e-06 4.178607e-04 -2.570551e-07
0.27           1.308486e-05 1.031644e-03 -2.487038e-07 9.320289e-06 6.168847e-04 1.079344e-15 3.764568e-06 4.147594e-04 -2.487038e-07
0.28           1.300928e-05 1.029152e-03 -2.409924e-07 9.309904e-06 6.171820e-04 1.165921e-15 3.699376e-06 4.119701e-04 -2.409924e-07
0.29           1.283929e-05 1.027300e-03 -2.338297e-07 9.200954e-06 6.178380e-04 1.259863e-15 3.638334e-06 4.094616e-04 -2.338297e-07
0.3            1.275670e-05 1.025786e-03 -2.271774e-07 9.163197e-06 6.186010e-04 1.335967e-15 3.593498e-06 4.071847e-04 -2.271774e-07
0.31           1.269353e-05 1.024760e-03 -2.209589e-07 9.130030e-06 6.196388e-04 1.402100e-15 3.563503e-06 4.051207e-04 -2.209589e-07
0.32           1.266059e-05 1.024160e-03 -2.151456e-07 9.120646e-06 6.208778e-04 1.474569e-15 3.539947e-06 4.032825e-04 -2.151456e-07
0.33           1.259689e-05 1.023909e-03 -2.097495e-07 9.071063e-06 6.222428e-04 1.537907e-15 3.525827e-06 4.016661e-04 -2.097495e-07
0.34           1.258900e-05 1.024059e-03 -2.046894e-07 9.077964e-06 6.238341e-04 1.614603e-15 3.511038e-06 4.002253e-04 -2.046894e-07
0.35           1.249398e-05 1.024541e-03 -2.000337e-07 8.998656e-06 6.255999e-04 1.689566e-15 3.495327e-06 3.989410e-04 -2.000337e-07
0.36           1.261100e-05 1.025282e-03 -1.956969e-07 9.127834e-06 6.274730e-04 1.763739e-15 3.483166e-06 3.978094e-04 -1.956970e-07
0.37           1.253814e-05 1.026228e-03 -1.915436e-07 9.061962e-06 6.294043e-04 1.833406e-15 3.476178e-06 3.968236e-04 -1.915436e-07
0.38           1.244963e-05 1.027363e-03 -1.875458e-07 8.973944e-06 6.313853e-04 1.899753e-15 3.475689e-06 3.959780e-04 -1.875458e-07
0.39           1.227500e-05 1.028751e-03 -1.838522e-07 8.807386e-06 6.335026e-04 1.965871e-15 3.467615e-06 3.952486e-04 -1.838522e-07
0.4            1.233997e-05 1.030271e-03 -1.804290e-07 8.883259e-06 6.356579e-04 2.025774e-15 3.456715e-06 3.946136e-04 -1.804290e-07
0.41           1.229555e-05 1.032025e-03 -1.772272e-07 8.853502e-06 6.379552e-04 2.079683e-15 3.442050e-06 3.940703e-04 -1.772272e-07
0.42           1.221829e-05 1.033990e-03 -1.742423e-07 8.795899e-06 6.403744e-04 2.137400e-15 3.422389e-06 3.936157e-04 -1.742423e-07
0.43           1.215966e-05 1.035948e-03 -1.714936e-07 8.754194e-06 6.426998e-04 2.187705e-15 3.405464e-06 3.932485e-04 -1.714936e-07
0.44           1.207092e-05 1.037981e-03 -1.688786e-07 8.680560e-06 6.450163e-04 2.232238e-15 3.390362e-06 3.929650e-04 -1.688786e-07
0.45           1.202099e-05 1.040179e-03 -1.664270e-07 8.642141e-06 6.474198e-04 2.271931e-15 3.378853e-06 3.927593e-04 -1.664270e-07
0.46           1.200995e-05 1.042404e-03 -1.641075e-07 8.638235e-06 6.497824e-04 2.308886e-15 3.371712e-06 3.926220e-04 -1.641075e-07
0.47           1.188597e-05 1.044731e-03 -1.619292e-07 8.524323e-06 6.521809e-04 2.342129e-15 3.361644e-06 3.925498e-04 -1.619292e-07
0.48           1.186351e-05 1.047057e-03 -1.598793e-07 8.511475e-06 6.545229e-04 2.371786e-15 3.352039e-06 3.925341e-04 -1.598793e-07
0.49           1.182143e-05 1.049391e-03 -1.579255e-07 8.477203e-06 6.568270e-04 2.401168e-15 3.344228e-06 3.925644e-04 -1.579255e-07
0.5            1.175772e-05 1.051789e-03 -1.560044e-07 8.423606e-06 6.591489e-04 2.422187e-15 3.334117e-06 3.926402e-04 -1.560044e-07
0.51           1.163502e-05 1.054319e-03 -1.540941e-07 8.316893e-06 6.615577e-04 2.434723e-15 3.318125e-06 3.927616e-04 -1.540941e-07
0.52           1.163372e-05 1.056739e-03 -1.524009e-07 8.328441e-06 6.638157e-04 2.452838e-15 3.305279e-06 3.929237e-04 -1.524009e-07
0.53           1.153898e-05 1.059154e-03 -1.512197e-07 8.241469e-06 6.660336e-04 2.471026e-15 3.297516e-06 3.931204e-04 -1.512197e-07
0.54           1.150565e-05 1.061550e-03 -1.501807e-07 8.214187e-06 6.682078e-04 2.481188e-15 3.291461e-06 3.933419e-04 -1.501808e-07
0.55           1.141776e-05 1.063919e-03 -1.492167e-07 8.134446e-06 6.703355e-04 2.487117e-15 3.283314e-06 3.935839e-04 -1.492167e-07
0.56           1.131907e-05 1.066252e-03 -1.483387e-07 8.046185e-06 6.724077e-04 2.490312e-15 3.272888e-06 3.938438e-04 -1.483387e-07
0.57           1.116452e-05 1.068660e-03 -1.477454e-07 7.902751e-06 6.745334e-04 2.498289e-15 3.261765e-06 3.941271e-04 -1.477454e-07
0.58           1.105263e-05 1.070944e-03 -1.473336e-07 7.801509e-06 6.765187e-04 2.504639e-15 3.251122e-06 3.944252e-04 -1.473336e-07
0.59           1.095942e-05 1.073152e-03 -1.468702e-07 7.718282e-06 6.784192e-04 2.504248e-15 3.241138e-06 3.947324e-04 -1.468702e-07
0.6            1.087149e-05 1.075264e-03 -1.464551e-07 7.638372e-06 6.802171e-04 2.500404e-15 3.233117e-06 3.950467e-04 -1.464551e-07
0.61           1.082150e-05 1.077294e-03 -1.460648e-07 7.593912e-06 6.819284e-04 2.496640e-15 3.227584e-06 3.953652e-04 -1.460648e-07
0.62           1.078246e-05 1.079335e-03 -1.457034e-07 7.557121e-06 6.836458e-04 2.492902e-15 3.225343e-06 3.956894e-04 -1.457034e-07
0.63           1.069333e-05 1.081258e-03 -1.453480e-07 7.469581e-06 6.852426e-04 2.487603e-15 3.223745e-06 3.960156e-04 -1.453480e-07
0.64           1.062722e-05 1.083196e-03 -1.449930e-07 7.411024e-06 6.868552e-04 2.478487e-15 3.216198e-06 3.963403e-04 -1.449930e-07
0.65           1.054721e-05 1.085081e-03 -1.447551e-07 7.345716e-06 6.884196e-04 2.466528e-15 3.201491e-06 3.966614e-04 -1.447551e-07
0.66           1.045138e-05 1.086859e-03 -1.446301e-07 7.265063e-06 6.898830e-04 2.456905e-15 3.186322e-06 3.969762e-04 -1.446301e-07
0.67           1.037426e-05 1.088589e-03 -1.445085e-07 7.204134e-06 6.913034e-04 2.446555e-15 3.170130e-06 3.972858e-04 -1.445085e-07
0.68           1.027153e-05 1.090234e-03 -1.444134e-07 7.118030e-06 6.926455e-04 2.435630e-15 3.153495e-06 3.975881e-04 -1.444134e-07
0.69           1.024196e-05 1.091821e-03 -1.444026e-07 7.102493e-06 6.939347e-04 2.422856e-15 3.139468e-06 3.978860e-04 -1.444026e-07
0.7            1.017464e-05 1.093316e-03 -1.444260e-07 7.049154e-06 6.951390e-04 2.410965e-15 3.125484e-06 3.981773e-04 -1.444260e-07
0.71           1.011921e-05 1.094744e-03 -1.444939e-07 7.007413e-06 6.962828e-04 2.398919e-15 3.111792e-06 3.984609e-04 -1.444939e-07
0.72           1.001427e-05 1.096090e-03 -1.444733e-07 6.921556e-06 6.973582e-04 2.388667e-15 3.092710e-06 3.987315e-04 -1.444733e-07
0.73           9.961305e-06 1.097368e-03 -1.444709e-07 6.891844e-06 6.983805e-04 2.373621e-15 3.069461e-06 3.989879e-04 -1.444709e-07
0.74           9.827789e-06 1.098581e-03 -1.444255e-07 6.784081e-06 6.993458e-04 2.363622e-15 3.043708e-06 3.992351e-04 -1.444255e-07
0.75           9.765496e-06 1.099734e-03 -1.444790e-07 6.744686e-06 7.002586e-04 2.352320e-15 3.020809e-06 3.994750e-04 -1.444790e-07
0.76           9.734314e-06 1.100803e-03 -1.445721e-07 6.733484e-06 7.010970e-04 2.341794e-15 3.000830e-06 3.997058e-04 -1.445721e-07
0.77           9.681995e-06 1.101827e-03 -1.446930e-07 6.700044e-06 7.018996e-04 2.331970e-15 2.981951e-06 3.999277e-04 -1.446930e-07
0.78           9.625798e-06 1.102783e-03 -1.448415e-07 6.661951e-06 7.026421e-04 2.323073e-15 2.963847e-06 4.001404e-04 -1.448415e-07
0.79           9.566013e-06 1.103693e-03 -1.450077e-07 6.619819e-06 7.033484e-04 2.315094e-15 2.946194e-06 4.003441e-04 -1.450077e-07
0.8            9.492259e-06 1.104528e-03 -1.451911e-07 6.563932e-06 7.039901e-04 2.306037e-15 2.928327e-06 4.005381e-04 -1.451911e-07
0.81           9.483040e-06 1.105314e-03 -1.453819e-07 6.570293e-06 7.045908e-04 2.297787e-15 2.912748e-06 4.007228e-04 -1.453819e-07
0.82           9.459200e-06 1.106047e-03 -1.455898e-07 6.560626e-06 7.051493e-04 2.290170e-15 2.898574e-06 4.008979e-04 -1.455898e-07
0.83           9.430531e-06 1.106739e-03 -1.458061e-07 6.545372e-06 7.056747e-04 2.283245e-15 2.885159e-06 4.010638e-04 -1.458061e-07
0.84           9.496990e-06 1.107382e-03 -1.460216e-07 6.620939e-06 7.061606e-04 2.276666e-15 2.876051e-06 4.012214e-04 -1.460216e-07
0.85           9.456067e-06 1.107977e-03 -1.462493e-07 6.589876e-06 7.066070e-04 2.270264e-15 2.866191e-06 4.013695e-04 -1.462493e-07
0.86           9.448791e-06 1.108457e-03 -1.464888e-07 6.591532e-06 7.069503e-04 2.265151e-15 2.857259e-06 4.015065e-04 -1.464888e-07
0.87           9.443098e-06 1.108879e-03 -1.467305e-07 6.594130e-06 7.072462e-04 2.260143e-15 2.848968e-06 4.016326e-04 -1.467305e-07
0.88           9.426095e-06 1.109318e-03 -1.469659e-07 6.585314e-06 7.075670e-04 2.255200e-15 2.840781e-06 4.017506e-04 -1.469659e-07
0.89           9.427961e-06 1.109766e-03 -1.471908e-07 6.594446e-06 7.079031e-04 2.250954e-15 2.833515e-06 4.018627e-04 -1.471908e-07
0.9            9.439405e-06 1.110155e-03 -1.474105e-07 6.611999e-06 7.081875e-04 2.247039e-15 2.827406e-06 4.019674e-04 -1.474105e-07
0.91           9.451282e-06 1.110491e-03 -1.476276e-07 6.629033e-06 7.084269e-04 2.243390e-15 2.822249e-06 4.020642e-04 -1.476276e-07
0.92           9.454060e-06 1.110790e-03 -1.478425e-07 6.636507e-06 7.086367e-04 2.240152e-15 2.817553e-06 4.021534e-04 -1.478426e-07
0.93           9.496709e-06 1.111067e-03 -1.480511e-07 6.681897e-06 7.088309e-04 2.237321e-15 2.814812e-06 4.022360e-04 -1.480511e-07
0.94           9.517040e-06 1.111316e-03 -1.482536e-07 6.704270e-06 7.090044e-04 2.234805e-15 2.812770e-06 4.023120e-04 -1.482536e-07
0.95           9.531036e-06 1.111534e-03 -1.484499e-07 6.719984e-06 7.091526e-04 2.232500e-15 2.811052e-06 4.023815e-04 -1.484499e-07
0.96           9.572256e-06 1.111730e-03 -1.486405e-07 6.761482e-06 7.092849e-04 2.230485e-15 2.810774e-06 4.024450e-04 -1.486405e-07
0.97           9.625074e-06 1.111892e-03 -1.488226e-07 6.813024e-06 7.093897e-04 2.228724e-15 2.812050e-06 4.025025e-04 -1.488226e-07
0.98           9.650856e-06 1.112042e-03 -1.489985e-07 6.837257e-06 7.094879e-04 2.227138e-15 2.813599e-06 4.025546e-04 -1.489985e-07
0.99           9.664840e-06 1.112173e-03 -1.491668e-07 6.849937e-06 7.095712e-04 2.225779e-15 2.814903e-06 4.026016e-04 -1.491668e-07
1              9.720942e-06 1.112285e-03 -1.493261e-07 6.903167e-06 7.096408e-04 2.224707e-15 2.817775e-06 4.026437e-04 -1.493261e-07
1.01           9.787720e-06 1.112390e-03 -1.494769e-07 6.965355e-06 7.097084e-04 2.223910e-15 2.822365e-06 4.026819e-04 -1.494769e-07
1.02           9.851118e-06 1.112464e-03 -1.496220e-07 7.022949e-06 7.097486e-04 2.223298e-15 2.828170e-06 4.027153e-04 -1.496220e-07
1.03           9.891853e-06 1.112524e-03 -1.497603e-07 7.057778e-06 7.097799e-04 2.222757e-15 2.834076e-06 4.027445e-04 -1.497603e-07
1.04           9.950781e-06 1.112587e-03 -1.498901e-07 7.109982e-06 7.098172e-04 2.222341e-15 2.840799e-06 4.027703e-04 -1.498901e-07
1.05           9.995538e-06 1.112623e-03 -1.500125e-07 7.147798e-06 7.098310e-04 2.222127e-15 2.847740e-06 4.027925e-04 -1.500125e-07
1.06           1.006178e-05 1.112666e-03 -1.501268e-07 7.206053e-06 7.098542e-04 2.221976e-15 2.855724e-06 4.028118e-04 -1.501268e-07
1.07           1.012220e-05 1.112686e-03 -1.502358e-07 7.257803e-06 7.098578e-04 2.221988e-15 2.864392e-06 4.028279e-04 -1.502358e-07
1.08           1.018315e-05 1.112702e-03 -1.503391e-07 7.309511e-06 7.098610e-04 2.222070e-15 2.873637e-06 4.028412e-04 -1.503391e-07
1.09           1.023254e-05 1.112695e-03 -1.504377e-07 7.349568e-06 7.098437e-04 2.222293e-15 2.882973e-06 4.028515e-04 -1.504377e-07
1.1            1.028743e-05 1.112689e-03 -1.505298e-07 7.394841e-06 7.098295e-04 2.222581e-15 2.892592e-06 4.028591e-04 -1.505298e-07
1.11           1.036852e-05 1.112657e-03 -1.506151e-07 7.465037e-06 7.097931e-04 2.223056e-15 2.903484e-06 4.028637e-04 -1.506151e-07
1.12           1.045739e-05 1.112616e-03 -1.506944e-07 7.541626e-06 7.097501e-04 2.223603e-15 2.915759e-06 4.028655e-04 -1.506944e-07
1.13           1.052252e-05 1.112590e-03 -1.507689e-07 7.594297e-06 7.097241e-04 2.224094e-15 2.928225e-06 4.028655e-04 -1.507689e-07
1.14           1.059145e-05 1.112554e-03 -1.508390e-07 7.650433e-06 7.096899e-04 2.224674e-15 2.941022e-06 4.028637e-04 -1.508390e-07
1.15           1.066335e-05 1.112519e-03 -1.509049e-07 7.709082e-06 7.096591e-04 2.225315e-15 2.954266e-06 4.028603e-04 -1.509049e-07
1.16           1.072850e-05 1.112471e-03 -1.509682e-07 7.760825e-06 7.096154e-04 2.225981e-15 2.967679e-06 4.028551e-04 -1.509682e-07
1.17           1.079795e-05 1.112423e-03 -1.510285e-07 7.816532e-06 7.095741e-04 2.226712e-15 2.981419e-06 4.028485e-04 -1.510285e-07
1.18           1.086617e-05 1.112373e-03 -1.510860e-07 7.870749e-06 7.095323e-04 2.227426e-15 2.995426e-06 4.028406e-04 -1.510860e-07
1.19           1.093447e-05 1.112317e-03 -1.511411e-07 7.924777e-06 7.094860e-04 2.228207e-15 3.009689e-06 4.028313e-04 -1.511411e-07
1.2            1.100154e-05 1.112259e-03 -1.511942e-07 7.977388e-06 7.094380e-04 2.228999e-15 3.024150e-06 4.028207e-04 -1.511943e-07
1.21           1.106733e-05 1.112194e-03 -1.512458e-07 8.028577e-06 7.093854e-04 2.229806e-15 3.038749e-06 4.028089e-04 -1.512458e-07
1.22           1.113602e-05 1.112137e-03 -1.512955e-07 8.082394e-06 7.093407e-04 2.230638e-15 3.053621e-06 4.027964e-04 -1.512955e-07
1.23           1.120207e-05 1.112081e-03 -1.513444e-07 8.133437e-06 7.092974e-04 2.231459e-15 3.068637e-06 4.027832e-04 -1.513444e-07
1.24           1.126809e-05 1.112020e-03 -1.513931e-07 8.184285e-06 7.092504e-04 2.232308e-15 3.083805e-06 4.027693e-04 -1.513931e-07
1.25           1.133034e-05 1.111958e-03 -1.514418e-07 8.231354e-06 7.092029e-04 2.233131e-15 3.098981e-06 4.027546e-04 -1.514418e-07
1.26           1.139873e-05 1.111880e-03 -1.514910e-07 8.284300e-06 7.091414e-04 2.234010e-15 3.114427e-06 4.027388e-04 -1.514910e-07
1.27           1.146112e-05 1.111810e-03 -1.515399e-07 8.331244e-06 7.090872e-04 2.234874e-15 3.129879e-06 4.027223e-04 -1.515399e-07
1.28           1.152814e-05 1.111732e-03 -1.515891e-07 8.382600e-06 7.090271e-04 2.235731e-15 3.145538e-06 4.027050e-04 -1.515891e-07
1.29           1.158427e-05 1.111664e-03 -1.516387e-07 8.423301e-06 7.089764e-04 2.236554e-15 3.160972e-06 4.026873e-04 -1.516387e-07
1.3            1.164306e-05 1.111593e-03 -1.516893e-07 8.466705e-06 7.089234e-04 2.237401e-15 3.176352e-06 4.026691e-04 -1.516893e-07
1.31           1.169870e-05 1.111520e-03 -1.517410e-07 8.507086e-06 7.088698e-04 2.238253e-15 3.191615e-06 4.026506e-04 -1.517410e-07
1.32           1.175199e-05 1.111446e-03 -1.517942e-07 8.545273e-06 7.088149e-04 2.239094e-15 3.206718e-06 4.026316e-04 -1.517942e-07
1.33           1.180772e-05 1.111379e-03 -1.518486e-07 8.585910e-06 7.087667e-04 2.239902e-15 3.221813e-06 4.026125e-04 -1.518486e-07
1.34           1.185996e-05 1.111308e-03 -1.519053e-07 8.623170e-06 7.087151e-04 2.240704e-15 3.236786e-06 4.025931e-04 -1.519053e-07
1.35           1.190966e-05 1.111239e-03 -1.519639e-07 8.658072e-06 7.086656e-04 2.241518e-15 3.251585e-06 4.025735e-04 -1.519640e-07
1.36           1.195278e-05 1.111162e-03 -1.520253e-07 8.686769e-06 7.086089e-04 2.242270e-15 3.266010e-06 4.025535e-04 -1.520253e-07
1.37           1.200531e-05 1.111096e-03 -1.520880e-07 8.724778e-06 7.085622e-04 2.243081e-15 3.280530e-06 4.025335e-04 -1.520880e-07
1.38           1.205537e-05 1.111030e-03 -1.521530e-07 8.760343e-06 7.085164e-04 2.243864e-15 3.295030e-06 4.025136e-04 -1.521530e-07
1.39           1.209889e-05 1.110960e-03 -1.522214e-07 8.789632e-06 7.084666e-04 2.244628e-15 3.309256e-06 4.024935e-04 -1.522214e-07
1.4            1.214221e-05 1.110886e-03 -1.522926e-07 8.818939e-06 7.084131e-04 2.245357e-15 3.323274e-06 4.024730e-04 -1.522926e-07
1.41           1.218312e-05 1.110815e-03 -1.523665e-07 8.846072e-06 7.083626e-04 2.246097e-15 3.337052e-06 4.024525e-04 -1.523665e-07
1.42           1.221823e-05 1.110747e-03 -1.524431e-07 8.867790e-06 7.083146e-04 2.246804e-15 3.350444e-06 4.024320e-04 -1.524431e-07
1.43           1.225205e-05 1.110677e-03 -1.525224e-07 8.888575e-06 7.082653e-04 2.247487e-15 3.363479e-06 4.024113e-04 -1.525224e-07
1.44           1.228367e-05 1.110608e-03 -1.526045e-07 8.907512e-06 7.082169e-04 2.248183e-15 3.376157e-06 4.023907e-04 -1.526045e-07
1.45           1.231345e-05 1.110540e-03 -1.526893e-07 8.924959e-06 7.081703e-04 2.248852e-15 3.388487e-06 4.023701e-04 -1.526893e-07
1.46           1.234085e-05 1.110474e-03 -1.527770e-07 8.940382e-06 7.081242e-04 2.249486e-15 3.400464e-06 4.023495e-04 -1.527770e-07
1.47           1.236597e-05 1.110408e-03 -1.528676e-07 8.953902e-06 7.080787e-04 2.250142e-15 3.412071e-06 4.023290e-04 -1.528676e-07
1.48           1.238894e-05 1.110342e-03 -1.529610e-07 8.965644e-06 7.080337e-04 2.250759e-15 3.423301e-06 4.023085e-04 -1.529610e-07
1.49           1.240968e-05 1.110277e-03 -1.530574e-07 8.975533e-06 7.079894e-04 2.251353e-15 3.434149e-06 4.022881e-04 -1.530574e-07
1.5            1.242825e-05 1.110214e-03 -1.531566e-07 8.983646e-06 7.079458e-04 2.251948e-15 3.444603e-06 4.022678e-04 -1.531567e-07
1.51           1.244465e-05 1.110150e-03 -1.532587e-07 8.989991e-06 7.079028e-04 2.252537e-15 3.454657e-06 4.022476e-04 -1.532587e-07
1.52           1.245875e-05 1.110088e-03 -1.533635e-07 8.994449e-06 7.078602e-04 2.253094e-15 3.464301e-06 4.022275e-04 -1.533635e-07
1.53           1.247065e-05 1.110026e-03 -1.534711e-07 8.997127e-06 7.078183e-04 2.253649e-15 3.473528e-06 4.022075e-04 -1.534711e-07
1.54           1.248038e-05 1.109965e-03 -1.535813e-07 8.998043e-06 7.077771e-04 2.254193e-15 3.482334e-06 4.021876e-04 -1.535813e-07
1.55           1.248786e-05 1.109904e-03 -1.536941e-07 8.997146e-06 7.077363e-04 2.254709e-15 3.490710e-06 4.021678e-04 -1.536941e-07
1.56           1.249310e-05 1.109844e-03 -1.538095e-07 8.994448e-06 7.076963e-04 2.255214e-15 3.498650e-06 4.021482e-04 -1.538095e-07
1.57           1.249639e-05 1.109787e-03 -1.539272e-07 8.990237e-06 7.076579e-04 2.255694e-15 3.506150e-06 4.021287e-04 -1.539272e-07
1.58           1.249709e-05 1.109728e-03 -1.540473e-07 8.983877e-06 7.076189e-04 2.256187e-15 3.513210e-06 4.021094e-04 -1.540473e-07
1.59           1.249587e-05 1.109671e-03 -1.541697e-07 8.976051e-06 7.075808e-04 2.256645e-15 3.519820e-06 4.020902e-04 -1.541697e-07
1.6            1.249260e-05 1.109615e-03 -1.542943e-07 8.966621e-06 7.075433e-04 2.257097e-15 3.525981e-06 4.020712e-04 -1.542943e-07
1.61           1.248723e-05 1.109559e-03 -1.544210e-07 8.955539e-06 7.075064e-04 2.257519e-15 3.531690e-06 4.020523e-04 -1.544210e-07
1.62           1.247984e-05 1.109504e-03 -1.545496e-07 8.942898e-06 7.074701e-04 2.257943e-15 3.536946e-06 4.020336e-04 -1.545496e-07
1.63           1.247044e-05 1.109449e-03 -1.546801e-07 8.928691e-06 7.074344e-04 2.258348e-15 3.541747e-06 4.020150e-04 -1.546801e-07
1.64           1.245907e-05 1.109396e-03 -1.548124e-07 8.912979e-06 7.073993e-04 2.258727e-15 3.546094e-06 4.019967e-04 -1.548124e-07
1.65           1.244575e-05 1.109343e-03 -1.549463e-07 8.895765e-06 7.073647e-04 2.259133e-15 3.549987e-06 4.019785e-04 -1.549463e-07
1.66           1.243054e-05 1.109291e-03 -1.550818e-07 8.877112e-06 7.073307e-04 2.259475e-15 3.553428e-06 4.019605e-04 -1.550818e-07
1.67           1.241347e-05 1.109240e-03 -1.552187e-07 8.857049e-06 7.072973e-04 2.259847e-15 3.556418e-06 4.019427e-04 -1.552187e-07
1.68           1.239458e-05 1.109189e-03 -1.553569e-07 8.835620e-06 7.072644e-04 2.260183e-15 3.558959e-06 4.019250e-04 -1.553569e-07
1.69           1.237393e-05 1.109140e-03 -1.554963e-07 8.812879e-06 7.072320e-04 2.260511e-15 3.561054e-06 4.019075e-04 -1.554963e-07
1.7            1.235159e-05 1.109090e-03 -1.556367e-07 8.788884e-06 7.072002e-04 2.260816e-15 3.562707e-06 4.018902e-04 -1.556367e-07
1.71           1.232754e-05 1.109042e-03 -1.557782e-07 8.763622e-06 7.071690e-04 2.261122e-15 3.563922e-06 4.018731e-04 -1.557782e-07
1.72           1.230186e-05 1.108994e-03 -1.559205e-07 8.737159e-06 7.071382e-04 2.261415e-15 3.564704e-06 4.018562e-04 -1.559205e-07
1.73           1.227471e-05 1.108947e-03 -1.560638e-07 8.709640e-06 7.071080e-04 2.261688e-15 3.565066e-06 4.018395e-04 -1.560638e-07
1.74           1.224589e-05 1.108901e-03 -1.562077e-07 8.680885e-06 7.070783e-04 2.261956e-15 3.565003e-06 4.018229e-04 -1.562077e-07
1.75           1.221556e-05 1.108856e-03 -1.563520e-07 8.651040e-06 7.070491e-04 2.262215e-15 3.564516e-06 4.018065e-04 -1.563520e-07
1.76           1.218375e-05 1.108811e-03 -1.564966e-07 8.620138e-06 7.070203e-04 2.262431e-15 3.563610e-06 4.017904e-04 -1.564966e-07
1.77           1.215057e-05 1.108766e-03 -1.566413e-07 8.588279e-06 7.069921e-04 2.262669e-15 3.562294e-06 4.017744e-04 -1.566413e-07
1.78           1.211611e-05 1.108723e-03 -1.567860e-07 8.555531e-06 7.069643e-04 2.262891e-15 3.560576e-06 4.017586e-04 -1.567860e-07
1.79           1.208040e-05 1.108680e-03 -1.569306e-07 8.521935e-06 7.069371e-04 2.263089e-15 3.558464e-06 4.017429e-04 -1.569306e-07
1.8            1.204357e-05 1.108638e-03 -1.570752e-07 8.487596e-06 7.069102e-04 2.263289e-15 3.555975e-06 4.017275e-04 -1.570752e-07
1.81           1.200549e-05 1.108596e-03 -1.572196e-07 8.452379e-06 7.068839e-04 2.263458e-15 3.553107e-06 4.017122e-04 -1.572196e-07
1.82           1.196625e-05 1.108555e-03 -1.573635e-07 8.416382e-06 7.068580e-04 2.263633e-15 3.549867e-06 4.016972e-04 -1.573635e-07
1.83           1.192596e-05 1.108515e-03 -1.575067e-07 8.379696e-06 7.068325e-04 2.263814e-15 3.546263e-06 4.016823e-04 -1.575067e-07
1.84           1.188465e-05 1.108475e-03 -1.576493e-07 8.342348e-06 7.068075e-04 2.263956e-15 3.542304e-06 4.016676e-04 -1.576493e-07
1.85           1.184282e-05 1.108435e-03 -1.577909e-07 8.304803e-06 7.067824e-04 2.264133e-15 3.538014e-06 4.016530e-04 -1.577909e-07
1.86           1.179987e-05 1.108397e-03 -1.579316e-07 8.266483e-06 7.067581e-04 2.264254e-15 3.533389e-06 4.016387e-04 -1.579316e-07
1.87           1.175594e-05 1.108359e-03 -1.580710e-07 8.227508e-06 7.067343e-04 2.264375e-15 3.528432e-06 4.016245e-04 -1.580710e-07
1.88           1.171120e-05 1.108321e-03 -1.582092e-07 8.188045e-06 7.067109e-04 2.264477e-15 3.523153e-06 4.016105e-04 -1.582092e-07
1.89           1.166572e-05 1.108285e-03 -1.583461e-07 8.148154e-06 7.066880e-04 2.264590e-15 3.517562e-06 4.015967e-04 -1.583461e-07
1.9            1.161955e-05 1.108248e-03 -1.584814e-07 8.107881e-06 7.066654e-04 2.264683e-15 3.511669e-06 4.015831e-04 -1.584814e-07
1.91           1.157276e-05 1.108213e-03 -1.586151e-07 8.067277e-06 7.066432e-04 2.264775e-15 3.505484e-06 4.015696e-04 -1.586151e-07
1.92           1.152541e-05 1.108178e-03 -1.587471e-07 8.026393e-06 7.066214e-04 2.264859e-15 3.499019e-06 4.015563e-04 -1.587471e-07
1.93           1.147757e-05 1.108143e-03 -1.588772e-07 7.985283e-06 7.066000e-04 2.264929e-15 3.492283e-06 4.015432e-04 -1.588772e-07
1.94           1.142926e-05 1.108109e-03 -1.590054e-07 7.943970e-06 7.065789e-04 2.264996e-15 3.485286e-06 4.015303e-04 -1.590054e-07
1.95           1.138055e-05 1.108076e-03 -1.591315e-07 7.902506e-06 7.065581e-04 2.265047e-15 3.478040e-06 4.015175e-04 -1.591315e-07
1.96           1.133149e-05 1.108043e-03 -1.592555e-07 7.860936e-06 7.065377e-04 2.265090e-15 3.470554e-06 4.015049e-04 -1.592555e-07
1.97           1.128215e-05 1.108010e-03 -1.593773e-07 7.819310e-06 7.065177e-04 2.265144e-15 3.462842e-06 4.014925e-04 -1.593773e-07
1.98           1.123257e-05 1.107978e-03 -1.594967e-07 7.777660e-06 7.064979e-04 2.265196e-15 3.454912e-06 4.014803e-04 -1.594967e-07
1.99           1.118281e-05 1.107947e-03 -1.596138e-07 7.736030e-06 7.064785e-04 2.265183e-15 3.446776e-06 4.014682e-04 -1.596138e-07
2              1.113291e-05 1.107916e-03 -1.597283e-07 7.694466e-06 7.064594e-04 2.265230e-15 3.438446e-06 4.014562e-04 -1.597283e-07
2.01           1.108294e-05 1.107885e-03 -1.598403e-07 7.653003e-06 7.064407e-04 2.265224e-15 3.429933e-06 4.014445e-04 -1.598403e-07
2.02           1.103292e-05 1.107855e-03 -1.599497e-07 7.611673e-06 7.064222e-04 2.265238e-15 3.421247e-06 4.014329e-04 -1.599497e-07
2.03           1.098293e-05 1.107825e-03 -1.600563e-07 7.570530e-06 7.064040e-04 2.265245e-15 3.412399e-06 4.014214e-04 -1.600563e-07
2.04           1.093302e-05 1.107796e-03 -1.601602e-07 7.529620e-06 7.063862e-04 2.265234e-15 3.403403e-06 4.014101e-04 -1.601602e-07
2.05           1.088321e-05 1.107768e-03 -1.602612e-07 7.488948e-06 7.063686e-04 2.265232e-15 3.394266e-06 4.013990e-04 -1.602612e-07
2.06           1.083359e-05 1.107739e-03 -1.603594e-07 7.448586e-06 7.063514e-04 2.265219e-15 3.385002e-06 4.013880e-04 -1.603594e-07
2.07           1.078416e-05 1.107711e-03 -1.604545e-07 7.408540e-06 7.063343e-04 2.265195e-15 3.375622e-06 4.013771e-04 -1.604545e-07
2.08           1.073505e-05 1.107684e-03 -1.605467e-07 7.368909e-06 7.063176e-04 2.265178e-15 3.366138e-06 4.013664e-04 -1.605467e-07
2.09           1.068623e-05 1.107657e-03 -1.606358e-07 7.329667e-06 7.063012e-04 2.265164e-15 3.356561e-06 4.013559e-04 -1.606358e-07
2.1            1.063784e-05 1.107631e-03 -1.607217e-07 7.290939e-06 7.062850e-04 2.265113e-15 3.346905e-06 4.013455e-04 -1.607218e-07
2.11           1.058990e-05 1.107604e-03 -1.608046e-07 7.252719e-06 7.062692e-04 2.265088e-15 3.337183e-06 4.013352e-04 -1.608046e-07
2.12           1.054182e-05 1.107578e-03 -1.608843e-07 7.214438e-06 7.062528e-04 2.265033e-15 3.327380e-06 4.013251e-04 -1.608843e-07
2.13           1.049452e-05 1.107552e-03 -1.609607e-07 7.176999e-06 7.062372e-04 2.264997e-15 3.317525e-06 4.013151e-04 -1.609607e-07
2.14           1.044747e-05 1.107527e-03 -1.610339e-07 7.139857e-06 7.062219e-04 2.264937e-15 3.307617e-06 4.013052e-04 -1.610339e-07
2.15           1.040090e-05 1.107502e-03 -1.611037e-07 7.103231e-06 7.062068e-04 2.264893e-15 3.297668e-06 4.012955e-04 -1.611037e-07
2.16           1.035539e-05 1.107478e-03 -1.611703e-07 7.067679e-06 7.061921e-04 2.264841e-15 3.287708e-06 4.012859e-04 -1.611703e-07
2.17           1.031032e-05 1.107454e-03 -1.612335e-07 7.032587e-06 7.061775e-04 2.264786e-15 3.277736e-06 4.012764e-04 -1.612335e-07
2.18           1.026594e-05 1.107430e-03 -1.612934e-07 6.998179e-06 7.061633e-04 2.264718e-15 3.267766e-06 4.012671e-04 -1.612934e-07
2.19           1.022231e-05 1.107407e-03 -1.613500e-07 6.964505e-06 7.061491e-04 2.264665e-15 3.257804e-06 4.012579e-04 -1.613500e-07
2.2            1.017933e-05 1.107384e-03 -1.614032e-07 6.931467e-06 7.061354e-04 2.264608e-15 3.247859e-06 4.012488e-04 -1.614032e-07
2.21           1.013763e-05 1.107360e-03 -1.614531e-07 6.899664e-06 7.061201e-04 2.264540e-15 3.237963e-06 4.012398e-04 -1.614531e-07
2.22           1.009447e-05 1.107340e-03 -1.614995e-07 6.866408e-06 7.061086e-04 2.264463e-15 3.228065e-06 4.012310e-04 -1.614995e-07
2.23           1.005551e-05 1.107317e-03 -1.615427e-07 6.837283e-06 7.060952e-04 2.264419e-15 3.218232e-06 4.012223e-04 -1.615427e-07
2.24           1.001450e-05 1.107295e-03 -1.615825e-07 6.806053e-06 7.060816e-04 2.264345e-15 3.208443e-06 4.012137e-04 -1.615825e-07
2.25           9.975889e-06 1.107275e-03 -1.616189e-07 6.777179e-06 7.060698e-04 2.264266e-15 3.198709e-06 4.012052e-04 -1.616189e-07
2.26           9.936993e-06 1.107254e-03 -1.616521e-07 6.747930e-06 7.060567e-04 2.264192e-15 3.189063e-06 4.011969e-04 -1.616521e-07
2.27           9.899702e-06 1.107233e-03 -1.616819e-07 6.720219e-06 7.060447e-04 2.264110e-15 3.179482e-06 4.011887e-04 -1.616819e-07
2.28           9.862810e-06 1.107213e-03 -1.617084e-07 6.692822e-06 7.060328e-04 2.264051e-15 3.169988e-06 4.011805e-04 -1.617084e-07
2.29           9.827214e-06 1.107193e-03 -1.617316e-07 6.666627e-06 7.060208e-04 2.263973e-15 3.160587e-06 4.011725e-04 -1.617316e-07
2.3            9.792450e-06 1.107174e-03 -1.617516e-07 6.641163e-06 7.060090e-04 2.263912e-15 3.151287e-06 4.011646e-04 -1.617516e-07
2.31           9.758771e-06 1.107154e-03 -1.617683e-07 6.616674e-06 7.059974e-04 2.263838e-15 3.142097e-06 4.011569e-04 -1.617683e-07
2.32           9.725957e-06 1.107135e-03 -1.617819e-07 6.592937e-06 7.059859e-04 2.263765e-15 3.133020e-06 4.011492e-04 -1.617819e-07
2.33           9.694317e-06 1.107116e-03 -1.617922e-07 6.570249e-06 7.059747e-04 2.263685e-15 3.124068e-06 4.011416e-04 -1.617922e-07
2.34           9.663521e-06 1.107098e-03 -1.617995e-07 6.548279e-06 7.059636e-04 2.263618e-15 3.115242e-06 4.011341e-04 -1.617995e-07
2.35           9.633820e-06 1.107079e-03 -1.618036e-07 6.527269e-06 7.059527e-04 2.263548e-15 3.106551e-06 4.011268e-04 -1.618036e-07
2.36           9.605161e-06 1.107061e-03 -1.618047e-07 6.507160e-06 7.059420e-04 2.263482e-15 3.098001e-06 4.011195e-04 -1.618047e-07
2.37           9.577677e-06 1.107044e-03 -1.618027e-07 6.488078e-06 7.059313e-04 2.263406e-15 3.089599e-06 4.011123e-04 -1.618027e-07
2.38           9.551501e-06 1.107026e-03 -1.617978e-07 6.470149e-06 7.059207e-04 2.263341e-15 3.081352e-06 4.011053e-04 -1.617978e-07
2.39           9.525753e-06 1.107009e-03 -1.617899e-07 6.452496e-06 7.059106e-04 2.263281e-15 3.073257e-06 4.010983e-04 -1.617899e-07
2.4            9.501394e-06 1.106992e-03 -1.617792e-07 6.436063e-06 7.059002e-04 2.263206e-15 3.065332e-06 4.010914e-04 -1.617792e-07
2.41           9.477919e-06 1.106974e-03 -1.617656e-07 6.420350e-06 7.058894e-04 2.263138e-15 3.057569e-06 4.010846e-04 -1.617656e-07
2.42           9.455301e-06 1.106957e-03 -1.617493e-07 6.405330e-06 7.058795e-04 2.263076e-15 3.049971e-06 4.010779e-04 -1.617493e-07
2.43           9.434014e-06 1.106942e-03 -1.617303e-07 6.391463e-06 7.058702e-04 2.263021e-15 3.042552e-06 4.010713e-04 -1.617303e-07
2.44           9.413867e-06 1.106926e-03 -1.617086e-07 6.378552e-06 7.058607e-04 2.262974e-15 3.035315e-06 4.010648e-04 -1.617086e-07
2.45           9.394730e-06 1.106910e-03 -1.616843e-07 6.366467e-06 7.058514e-04 2.262900e-15 3.028262e-06 4.010584e-04 -1.616843e-07
2.46           9.376706e-06 1.106894e-03 -1.616575e-07 6.355308e-06 7.058421e-04 2.262856e-15 3.021397e-06 4.010521e-04 -1.616575e-07
2.47           9.359598e-06 1.106879e-03 -1.616282e-07 6.344877e-06 7.058329e-04 2.262799e-15 3.014721e-06 4.010459e-04 -1.616282e-07
2.48           9.343780e-06 1.106864e-03 -1.615966e-07 6.335539e-06 7.058240e-04 2.262749e-15 3.008241e-06 4.010397e-04 -1.615966e-07
2.49           9.328939e-06 1.106849e-03 -1.615626e-07 6.326981e-06 7.058153e-04 2.262706e-15 3.001958e-06 4.010337e-04 -1.615626e-07
2.5            9.315181e-06 1.106834e-03 -1.615263e-07 6.319306e-06 7.058065e-04 2.262660e-15 2.995875e-06 4.010277e-04 -1.615263e-07
2.51           9.302325e-06 1.106820e-03 -1.614878e-07 6.312335e-06 7.057978e-04 2.262607e-15 2.989990e-06 4.010218e-04 -1.614878e-07
2.52           9.290773e-06 1.106805e-03 -1.614472e-07 6.306460e-06 7.057895e-04 2.262563e-15 2.984313e-06 4.010159e-04 -1.614472e-07
2.53           9.280019e-06 1.106791e-03 -1.614045e-07 6.301184e-06 7.057812e-04 2.262521e-15 2.978836e-06 4.010102e-04 -1.614045e-07
2.54           9.270309e-06 1.106778e-03 -1.613598e-07 6.296747e-06 7.057730e-04 2.262493e-15 2.973562e-06 4.010045e-04 -1.613598e-07
2.55           9.261702e-06 1.106764e-03 -1.613131e-07 6.293205e-06 7.057649e-04 2.262442e-15 2.968497e-06 4.009990e-04 -1.613132e-07
2.56           9.253983e-06 1.106750e-03 -1.612646e-07 6.290348e-06 7.057568e-04 2.262429e-15 2.963636e-06 4.009935e-04 -1.612646e-07
2.57           9.247491e-06 1.106737e-03 -1.612143e-07 6.288498e-06 7.057491e-04 2.262396e-15 2.958993e-06 4.009880e-04 -1.612143e-07
2.58           9.241756e-06 1.106724e-03 -1.611623e-07 6.287198e-06 7.057412e-04 2.262369e-15 2.954558e-06 4.009827e-04 -1.611623e-07
2.59           9.237102e-06 1.106711e-03 -1.611087e-07 6.286767e-06 7.057336e-04 2.262346e-15 2.950336e-06 4.009774e-04 -1.611087e-07
2.6            9.233581e-06 1.106698e-03 -1.610535e-07 6.287251e-06 7.057262e-04 2.262332e-15 2.946330e-06 4.009722e-04 -1.610535e-07
2.61           9.230670e-06 1.106686e-03 -1.609969e-07 6.288141e-06 7.057194e-04 2.262326e-15 2.942530e-06 4.009671e-04 -1.609969e-07
2.62           9.229064e-06 1.106674e-03 -1.609388e-07 6.290118e-06 7.057116e-04 2.262299e-15 2.938946e-06 4.009620e-04 -1.609388e-07
2.63           9.228055e-06 1.106662e-03 -1.608794e-07 6.292487e-06 7.057048e-04 2.262299e-15 2.935568e-06 4.009570e-04 -1.608794e-07
2.64           9.228103e-06 1.106650e-03 -1.608187e-07 6.295702e-06 7.056975e-04 2.262278e-15 2.932400e-06 4.009521e-04 -1.608187e-07
2.65           9.229092e-06 1.106638e-03 -1.607569e-07 6.299649e-06 7.056906e-04 2.262287e-15 2.929443e-06 4.009472e-04 -1.607569e-07
2.66           9.230906e-06 1.106626e-03 -1.606939e-07 6.304212e-06 7.056838e-04 2.262277e-15 2.926694e-06 4.009424e-04 -1.606939e-07
2.67           9.233595e-06 1.106615e-03 -1.606298e-07 6.309441e-06 7.056771e-04 2.262270e-15 2.924154e-06 4.009377e-04 -1.606298e-07
2.68           9.237120e-06 1.106603e-03 -1.605649e-07 6.315298e-06 7.056705e-04 2.262269e-15 2.921822e-06 4.009330e-04 -1.605649e-07
2.69           9.241456e-06 1.106592e-03 -1.604990e-07 6.321761e-06 7.056639e-04 2.262293e-15 2.919695e-06 4.009284e-04 -1.604990e-07
2.7            9.246599e-06 1.106581e-03 -1.604323e-07 6.328827e-06 7.056575e-04 2.262302e-15 2.917772e-06 4.009239e-04 -1.604323e-07
2.71           9.252500e-06 1.106571e-03 -1.603649e-07 6.336450e-06 7.056512e-04 2.262304e-15 2.916049e-06 4.009194e-04 -1.603649e-07
2.72           9.259148e-06 1.106560e-03 -1.602968e-07 6.344622e-06 7.056449e-04 2.262328e-15 2.914526e-06 4.009150e-04 -1.602968e-07
2.73           9.266556e-06 1.106549e-03 -1.602281e-07 6.353356e-06 7.056388e-04 2.262355e-15 2.913201e-06 4.009107e-04 -1.602281e-07
2.74           9.274583e-06 1.106543e-03 -1.601587e-07 6.362518e-06 7.056367e-04 2.262368e-15 2.912065e-06 4.009065e-04 -1.601587e-07
2.75           9.283479e-06 1.106527e-03 -1.600893e-07 6.372348e-06 7.056245e-04 2.262406e-15 2.911132e-06 4.009021e-04 -1.600893e-07
2.76           9.293141e-06 1.106520e-03 -1.600191e-07 6.382756e-06 7.056219e-04 2.262409e-15 2.910385e-06 4.008980e-04 -1.600191e-07
2.77           9.302833e-06 1.106508e-03 -1.599488e-07 6.393017e-06 7.056144e-04 2.262462e-15 2.909816e-06 4.008938e-04 -1.599488e-07
2.78           9.313366e-06 1.106503e-03 -1.598780e-07 6.403938e-06 7.056134e-04 2.262474e-15 2.909428e-06 4.008899e-04 -1.598780e-07
2.79           9.324771e-06 1.106492e-03 -1.598073e-07 6.415542e-06 7.056057e-04 2.262518e-15 2.909229e-06 4.008859e-04 -1.598073e-07
2.8            9.336719e-06 1.106482e-03 -1.597364e-07 6.427511e-06 7.056003e-04 2.262557e-15 2.909208e-06 4.008819e-04 -1.597364e-07
2.81           9.350035e-06 1.106469e-03 -1.596657e-07 6.440653e-06 7.055913e-04 2.262612e-15 2.909383e-06 4.008779e-04 -1.596657e-07
2.82           9.361776e-06 1.106465e-03 -1.595946e-07 6.452093e-06 7.055911e-04 2.262644e-15 2.909684e-06 4.008742e-04 -1.595947e-07
2.83           9.375489e-06 1.106454e-03 -1.595238e-07 6.465321e-06 7.055834e-04 2.262683e-15 2.910168e-06 4.008704e-04 -1.595238e-07
2.84           9.390402e-06 1.106442e-03 -1.594533e-07 6.479562e-06 7.055751e-04 2.262760e-15 2.910840e-06 4.008666e-04 -1.594533e-07
2.85           9.404557e-06 1.106435e-03 -1.593828e-07 6.492906e-06 7.055720e-04 2.262785e-15 2.911651e-06 4.008629e-04 -1.593828e-07
2.86           9.418808e-06 1.106429e-03 -1.593126e-07 6.506202e-06 7.055695e-04 2.262847e-15 2.912606e-06 4.008594e-04 -1.593126e-07
2.87           9.435316e-06 1.106415e-03 -1.592429e-07 6.521568e-06 7.055594e-04 2.262921e-15 2.913748e-06 4.008557e-04 -1.592429e-07
2.88           9.449602e-06 1.106411e-03 -1.591733e-07 6.534615e-06 7.055592e-04 2.262962e-15 2.914987e-06 4.008523e-04 -1.591733e-07
2.89           9.465849e-06 1.106402e-03 -1.591043e-07 6.549449e-06 7.055527e-04 2.263017e-15 2.916400e-06 4.008488e-04 -1.591043e-07
2.9            9.483411e-06 1.106390e-03 -1.590359e-07 6.565435e-06 7.055450e-04 2.263107e-15 2.917976e-06 4.008453e-04 -1.590359e-07
2.91           9.500344e-06 1.106384e-03 -1.589680e-07 6.580664e-06 7.055423e-04 2.263165e-15 2.919681e-06 4.008419e-04 -1.589680e-07
2.92           9.516209e-06 1.106379e-03 -1.589006e-07 6.594739e-06 7.055402e-04 2.263227e-15 2.921470e-06 4.008387e-04 -1.589006e-07
2.93           9.533801e-06 1.106369e-03 -1.588339e-07 6.610381e-06 7.055334e-04 2.263293e-15 2.923420e-06 4.008353e-04 -1.588339e-07
2.94           9.552162e-06 1.106359e-03 -1.587681e-07 6.626651e-06 7.055269e-04 2.263361e-15 2.925511e-06 4.008320e-04 -1.587681e-07
2.95           9.570647e-06 1.106353e-03 -1.587028e-07 6.642916e-06 7.055241e-04 2.263460e-15 2.927731e-06 4.008289e-04 -1.587028e-07
2.96           9.587060e-06 1.106347e-03 -1.586384e-07 6.657065e-06 7.055212e-04 2.263519e-15 2.929995e-06 4.008258e-04 -1.586384e-07
2.97           9.605191e-06 1.106338e-03 -1.585750e-07 6.672794e-06 7.055155e-04 2.263584e-15 2.932397e-06 4.008227e-04 -1.585750e-07
2.98           9.624694e-06 1.106329e-03 -1.585123e-07 6.689763e-06 7.055094e-04 2.263663e-15 2.934932e-06 4.008195e-04 -1.585123e-07
2.99           9.644225e-06 1.106323e-03 -1.584506e-07 6.706642e-06 7.055065e-04 2.263753e-15 2.937583e-06 4.008165e-04 -1.584506e-07
3              9.661744e-06 1.106314e-03 -1.583899e-07 6.721476e-06 7.055008e-04 2.263863e-15 2.940268e-06 4.008135e-04 -1.583900e-07
3.01           9.681286e-06 1.106307e-03 -1.583302e-07 6.738209e-06 7.054967e-04 2.263917e-15 2.943077e-06 4.008106e-04 -1.583302e-07
3.02           9.700054e-06 1.106303e-03 -1.582714e-07 6.754091e-06 7.054950e-04 2.263992e-15 2.945963e-06 4.008077e-04 -1.582714e-07
3.03           9.719341e-06 1.106296e-03 -1.582138e-07 6.770387e-06 7.054907e-04 2.264095e-15 2.948955e-06 4.008049e-04 -1.582138e-07
3.04           9.736807e-06 1.106287e-03 -1.581573e-07 6.784834e-06 7.054848e-04 2.264163e-15 2.951973e-06 4.008020e-04 -1.581573e-07
3.05           9.755382e-06 1.106283e-03 -1.581020e-07 6.800303e-06 7.054836e-04 2.264252e-15 2.955079e-06 4.007993e-04 -1.581020e-07
3.06           9.776912e-06 1.106273e-03 -1.580479e-07 6.818610e-06 7.054766e-04 2.264371e-15 2.958302e-06 4.007965e-04 -1.580479e-07
3.07           9.795276e-06 1.106266e-03 -1.579950e-07 6.833710e-06 7.054723e-04 2.264447e-15 2.961567e-06 4.007938e-04 -1.579950e-07
3.08           9.814178e-06 1.106262e-03 -1.579431e-07 6.849303e-06 7.054713e-04 2.264533e-15 2.964875e-06 4.007912e-04 -1.579431e-07
3.09           9.833262e-06 1.106256e-03 -1.578927e-07 6.865000e-06 7.054672e-04 2.264628e-15 2.968262e-06 4.007886e-04 -1.578927e-07
3.1            9.852240e-06 1.106247e-03 -1.578435e-07 6.880559e-06 7.054614e-04 2.264725e-15 2.971681e-06 4.007859e-04 -1.578435e-07
3.11           9.871499e-06 1.106242e-03 -1.577956e-07 6.896340e-06 7.054582e-04 2.264814e-15 2.975158e-06 4.007834e-04 -1.577956e-07
3.12           9.888083e-06 1.106238e-03 -1.577490e-07 6.909448e-06 7.054567e-04 2.264893e-15 2.978635e-06 4.007809e-04 -1.577490e-07
3.13           9.908884e-06 1.106231e-03 -1.577036e-07 6.926677e-06 7.054531e-04 2.265026e-15 2.982207e-06 4.007784e-04 -1.577036e-07
3.14           9.926877e-06 1.106223e-03 -1.576600e-07 6.941069e-06 7.054469e-04 2.265099e-15 2.985808e-06 4.007759e-04 -1.576600e-07
3.15           9.945542e-06 1.106220e-03 -1.576173e-07 6.956115e-06 7.054468e-04 2.265187e-15 2.989427e-06 4.007735e-04 -1.576173e-07
3.16           9.963241e-06 1.106212e-03 -1.575762e-07 6.970174e-06 7.054406e-04 2.265298e-15 2.993067e-06 4.007711e-04 -1.575762e-07
3.17           9.981324e-06 1.106207e-03 -1.575365e-07 6.984592e-06 7.054378e-04 2.265384e-15 2.996732e-06 4.007688e-04 -1.575365e-07
3.18           9.998657e-06 1.106203e-03 -1.574982e-07 6.998254e-06 7.054367e-04 2.265496e-15 3.000403e-06 4.007665e-04 -1.574982e-07
3.19           1.001702e-05 1.106195e-03 -1.574614e-07 7.012899e-06 7.054305e-04 2.265595e-15 3.004117e-06 4.007642e-04 -1.574614e-07
3.2            1.003394e-05 1.106192e-03 -1.574257e-07 7.026127e-06 7.054304e-04 2.265684e-15 3.007811e-06 4.007620e-04 -1.574257e-07
3.21           1.005060e-05 1.106182e-03 -1.573920e-07 7.039079e-06 7.054228e-04 2.265776e-15 3.011522e-06 4.007597e-04 -1.573920e-07
3.22           1.006705e-05 1.106179e-03 -1.573593e-07 7.051832e-06 7.054216e-04 2.265862e-15 3.015221e-06 4.007575e-04 -1.573593e-07
3.23           1.008508e-05 1.106178e-03 -1.573279e-07 7.066124e-06 7.054222e-04 2.265962e-15 3.018952e-06 4.007554e-04 -1.573279e-07
3.24           1.010068e-05 1.106168e-03 -1.572985e-07 7.078028e-06 7.054144e-04 2.266060e-15 3.022656e-06 4.007533e-04 -1.572985e-07
3.25           1.011571e-05 1.106168e-03 -1.572700e-07 7.089388e-06 7.054165e-04 2.266136e-15 3.026318e-06 4.007512e-04 -1.572700e-07
3.26           1.013305e-05 1.106156e-03 -1.572434e-07 7.103011e-06 7.054065e-04 2.266255e-15 3.030036e-06 4.007491e-04 -1.572434e-07
3.27           1.014787e-05 1.106153e-03 -1.572181e-07 7.114175e-06 7.054058e-04 2.266347e-15 3.033698e-06 4.007470e-04 -1.572181e-07
3.28           1.016346e-05 1.106151e-03 -1.571939e-07 7.126108e-06 7.054058e-04 2.266465e-15 3.037351e-06 4.007451e-04 -1.571939e-07
3.29           1.017777e-05 1.106143e-03 -1.571715e-07 7.136801e-06 7.053998e-04 2.266537e-15 3.040967e-06 4.007431e-04 -1.571715e-07
3.3            1.019107e-05 1.106142e-03 -1.571502e-07 7.146542e-06 7.054011e-04 2.266616e-15 3.044529e-06 4.007411e-04 -1.571502e-07
3.31           1.020704e-05 1.106132e-03 -1.571307e-07 7.158908e-06 7.053931e-04 2.266745e-15 3.048128e-06 4.007392e-04 -1.571307e-07
3.32           1.022014e-05 1.106128e-03 -1.571125e-07 7.168475e-06 7.053908e-04 2.266821e-15 3.051661e-06 4.007373e-04 -1.571125e-07
3.33           1.023378e-05 1.106127e-03 -1.570954e-07 7.178621e-06 7.053917e-04 2.266924e-15 3.055161e-06 4.007355e-04 -1.570954e-07
3.34           1.024687e-05 1.106120e-03 -1.570799e-07 7.188248e-06 7.053866e-04 2.267001e-15 3.058622e-06 4.007336e-04 -1.570799e-07
3.35           1.025782e-05 1.106118e-03 -1.570657e-07 7.195817e-06 7.053858e-04 2.267068e-15 3.062000e-06 4.007318e-04 -1.570657e-07
3.36           1.027228e-05 1.106109e-03 -1.570531e-07 7.206870e-06 7.053795e-04 2.267203e-15 3.065409e-06 4.007299e-04 -1.570531e-07
3.37           1.028344e-05 1.106106e-03 -1.570416e-07 7.214706e-06 7.053776e-04 2.267267e-15 3.068734e-06 4.007282e-04 -1.570417e-07
3.38           1.029509e-05 1.106105e-03 -1.570314e-07 7.223081e-06 7.053783e-04 2.267356e-15 3.072012e-06 4.007265e-04 -1.570314e-07
3.39           1.030641e-05 1.106099e-03 -1.570226e-07 7.231166e-06 7.053738e-04 2.267425e-15 3.075244e-06 4.007247e-04 -1.570226e-07
3.4            1.031551e-05 1.106095e-03 -1.570151e-07 7.237130e-06 7.053720e-04 2.267520e-15 3.078379e-06 4.007230e-04 -1.570151e-07
3.41           1.032771e-05 1.106088e-03 -1.570089e-07 7.246190e-06 7.053672e-04 2.267611e-15 3.081524e-06 4.007213e-04 -1.570089e-07
3.42           1.033709e-05 1.106085e-03 -1.570040e-07 7.252507e-06 7.053651e-04 2.267671e-15 3.084581e-06 4.007197e-04 -1.570040e-07
3.43           1.034666e-05 1.106084e-03 -1.570001e-07 7.259083e-06 7.053657e-04 2.267757e-15 3.087579e-06 4.007181e-04 -1.570001e-07
3.44           1.035602e-05 1.106079e-03 -1.569976e-07 7.265501e-06 7.053622e-04 2.267843e-15 3.090522e-06 4.007165e-04 -1.569976e-07
3.45           1.036325e-05 1.106073e-03 -1.569962e-07 7.269885e-06 7.053586e-04 2.267920e-15 3.093364e-06 4.007148e-04 -1.569962e-07
3.46           1.037301e-05 1.106067e-03 -1.569962e-07 7.276821e-06 7.053541e-04 2.268005e-15 3.096188e-06 4.007132e-04 -1.569962e-07
3.47           1.038085e-05 1.106069e-03 -1.569970e-07 7.281911e-06 7.053574e-04 2.268070e-15 3.098936e-06 4.007118e-04 -1.569970e-07
3.48           1.038722e-05 1.106062e-03 -1.569991e-07 7.285634e-06 7.053514e-04 2.268149e-15 3.101584e-06 4.007102e-04 -1.569991e-07
3.49           1.039447e-05 1.106061e-03 -1.570023e-07 7.290291e-06 7.053521e-04 2.268214e-15 3.104176e-06 4.007088e-04 -1.570023e-07
3.5            1.040253e-05 1.106055e-03 -1.570066e-07 7.295790e-06 7.053479e-04 2.268270e-15 3.106740e-06 4.007073e-04 -1.570066e-07
3.51           1.040704e-05 1.106051e-03 -1.570119e-07 7.297874e-06 7.053456e-04 2.268354e-15 3.109164e-06 4.007058e-04 -1.570119e-07
3.52           1.041361e-05 1.106048e-03 -1.570182e-07 7.302054e-06 7.053434e-04 2.268416e-15 3.111553e-06 4.007043e-04 -1.570182e-07
3.53           1.041966e-05 1.106045e-03 -1.570255e-07 7.305778e-06 7.053423e-04 2.268494e-15 3.113878e-06 4.007029e-04 -1.570255e-07
3.54           1.042360e-05 1.106040e-03 -1.570339e-07 7.307506e-06 7.053382e-04 2.268567e-15 3.116089e-06 4.007015e-04 -1.570339e-07
3.55           1.042839e-05 1.106039e-03 -1.570431e-07 7.310158e-06 7.053386e-04 2.268615e-15 3.118235e-06 4.007002e-04 -1.570431e-07
3.56           1.043351e-05 1.106034e-03 -1.570533e-07 7.313173e-06 7.053351e-04 2.268670e-15 3.120336e-06 4.006988e-04 -1.570533e-07
3.57           1.043623e-05 1.106031e-03 -1.570643e-07 7.313913e-06 7.053335e-04 2.268733e-15 3.122313e-06 4.006974e-04 -1.570643e-07
3.58           1.044010e-05 1.106026e-03 -1.570762e-07 7.315863e-06 7.053300e-04 2.268795e-15 3.124235e-06 4.006961e-04 -1.570762e-07
3.59           1.044274e-05 1.106025e-03 -1.570890e-07 7.316675e-06 7.053300e-04 2.268857e-15 3.126070e-06 4.006948e-04 -1.570890e-07
3.6            1.044584e-05 1.106019e-03 -1.571025e-07 7.318005e-06 7.053255e-04 2.268910e-15 3.127835e-06 4.006934e-04 -1.571025e-07
3.61           1.044779e-05 1.106019e-03 -1.571168e-07 7.318287e-06 7.053265e-04 2.268949e-15 3.129506e-06 4.006922e-04 -1.571168e-07
3.62           1.044969e-05 1.106014e-03 -1.571319e-07 7.318579e-06 7.053232e-04 2.268997e-15 3.131110e-06 4.006910e-04 -1.571319e-07
3.63           1.045123e-05 1.106011e-03 -1.571475e-07 7.318610e-06 7.053214e-04 2.269055e-15 3.132623e-06 4.006897e-04 -1.571475e-07
3.64           1.045268e-05 1.106007e-03 -1.571639e-07 7.318614e-06 7.053181e-04 2.269095e-15 3.134068e-06 4.006884e-04 -1.571639e-07
3.65           1.045260e-05 1.106006e-03 -1.571810e-07 7.317190e-06 7.053183e-04 2.269158e-15 3.135414e-06 4.006873e-04 -1.571810e-07
3.66           1.045415e-05 1.105999e-03 -1.571987e-07 7.317443e-06 7.053133e-04 2.269201e-15 3.136705e-06 4.006860e-04 -1.571987e-07
3.67           1.045338e-05 1.106002e-03 -1.572169e-07 7.315496e-06 7.053166e-04 2.269239e-15 3.137883e-06 4.006849e-04 -1.572169e-07
3.68           1.045291e-05 1.105995e-03 -1.572358e-07 7.313908e-06 7.053112e-04 2.269292e-15 3.138999e-06 4.006837e-04 -1.572358e-07
3.69           1.045272e-05 1.105993e-03 -1.572551e-07 7.312689e-06 7.053102e-04 2.269331e-15 3.140035e-06 4.006826e-04 -1.572551e-07
3.7            1.045219e-05 1.105988e-03 -1.572749e-07 7.311185e-06 7.053070e-04 2.269364e-15 3.141001e-06 4.006814e-04 -1.572749e-07
3.71           1.044986e-05 1.105987e-03 -1.572952e-07 7.307997e-06 7.053071e-04 2.269401e-15 3.141867e-06 4.006803e-04 -1.572952e-07
3.72           1.044944e-05 1.105982e-03 -1.573160e-07 7.306759e-06 7.053029e-04 2.269449e-15 3.142679e-06 4.006792e-04 -1.573160e-07
3.73           1.044669e-05 1.105984e-03 -1.573371e-07 7.303312e-06 7.053062e-04 2.269466e-15 3.143382e-06 4.006782e-04 -1.573371e-07
3.74           1.044425e-05 1.105978e-03 -1.573586e-07 7.300228e-06 7.053005e-04 2.269512e-15 3.144026e-06 4.006771e-04 -1.573586e-07
3.75           1.044226e-05 1.105976e-03 -1.573804e-07 7.297664e-06 7.053003e-04 2.269511e-15 3.144594e-06 4.006760e-04 -1.573804e-07
3.76           1.043998e-05 1.105972e-03 -1.574026e-07 7.294884e-06 7.052966e-04 2.269565e-15 3.145096e-06 4.006749e-04 -1.574026e-07
3.77           1.043581e-05 1.105969e-03 -1.574252e-07 7.290303e-06 7.052951e-04 2.269577e-15 3.145504e-06 4.006739e-04 -1.574252e-07
3.78           1.043284e-05 1.105966e-03 -1.574480e-07 7.286993e-06 7.052936e-04 2.269613e-15 3.145845e-06 4.006728e-04 -1.574480e-07
3.79           1.042902e-05 1.105969e-03 -1.574707e-07 7.282913e-06 7.052969e-04 2.269628e-15 3.146105e-06 4.006720e-04 -1.574707e-07
3.8            1.042509e-05 1.105962e-03 -1.574940e-07 7.278787e-06 7.052910e-04 2.269634e-15 3.146304e-06 4.006709e-04 -1.574940e-07
3.81           1.042125e-05 1.105961e-03 -1.575173e-07 7.274819e-06 7.052907e-04 2.269677e-15 3.146431e-06 4.006699e-04 -1.575173e-07
3.82           1.041769e-05 1.105956e-03 -1.575408e-07 7.271192e-06 7.052870e-04 2.269691e-15 3.146502e-06 4.006689e-04 -1.575408e-07
3.83           1.041226e-05 1.105958e-03 -1.575643e-07 7.265787e-06 7.052903e-04 2.269698e-15 3.146474e-06 4.006681e-04 -1.575643e-07
3.84           1.040720e-05 1.105952e-03 -1.575881e-07 7.260803e-06 7.052848e-04 2.269732e-15 3.146396e-06 4.006671e-04 -1.575881e-07
3.85           1.040258e-05 1.105950e-03 -1.576118e-07 7.256333e-06 7.052842e-04 2.269746e-15 3.146250e-06 4.006661e-04 -1.576118e-07
3.86           1.039809e-05 1.105946e-03 -1.576356e-07 7.252038e-06 7.052808e-04 2.269738e-15 3.146055e-06 4.006652e-04 -1.576356e-07
3.87           1.039146e-05 1.105949e-03 -1.576593e-07 7.245703e-06 7.052842e-04 2.269747e-15 3.145759e-06 4.006644e-04 -1.576594e-07
3.88           1.038599e-05 1.105942e-03 -1.576832e-07 7.240562e-06 7.052789e-04 2.269751e-15 3.145427e-06 4.006634e-04 -1.576832e-07
3.89           1.038041e-05 1.105942e-03 -1.577070e-07 7.235381e-06 7.052792e-04 2.269788e-15 3.145027e-06 4.006625e-04 -1.577070e-07
3.9            1.037554e-05 1.105936e-03 -1.577308e-07 7.230944e-06 7.052745e-04 2.269824e-15 3.144595e-06 4.006616e-04 -1.577308e-07
3.91           1.036824e-05 1.105939e-03 -1.577543e-07 7.224185e-06 7.052781e-04 2.269795e-15 3.144057e-06 4.006608e-04 -1.577543e-07
3.92           1.036199e-05 1.105933e-03 -1.577779e-07 7.218494e-06 7.052730e-04 2.269788e-15 3.143492e-06 4.006599e-04 -1.577779e-07
3.93           1.035573e-05 1.105933e-03 -1.578013e-07 7.212868e-06 7.052741e-04 2.269791e-15 3.142861e-06 4.006591e-04 -1.578013e-07
3.94           1.034973e-05 1.105927e-03 -1.578247e-07 7.207530e-06 7.052686e-04 2.269815e-15 3.142202e-06 4.006582e-04 -1.578247e-07
3.95           1.034194e-05 1.105929e-03 -1.578476e-07 7.200487e-06 7.052719e-04 2.269801e-15 3.141451e-06 4.006575e-04 -1.578476e-07
3.96           1.033605e-05 1.105923e-03 -1.578707e-07 7.195360e-06 7.052662e-04 2.269818e-15 3.140688e-06 4.006566e-04 -1.578707e-07
3.97           1.032866e-05 1.105926e-03 -1.578932e-07 7.188818e-06 7.052699e-04 2.269807e-15 3.139845e-06 4.006558e-04 -1.578932e-07
3.98           1.032237e-05 1.105919e-03 -1.579158e-07 7.183377e-06 7.052636e-04 2.269820e-15 3.138989e-06 4.006550e-04 -1.579158e-07
3.99           1.031487e-05 1.105919e-03 -1.579380e-07 7.176803e-06 7.052646e-04 2.269809e-15 3.138065e-06 4.006542e-04 -1.579380e-07
4              1.030727e-05 1.105916e-03 -1.579600e-07 7.170176e-06 7.052625e-04 2.269800e-15 3.137093e-06 4.006534e-04 -1.579600e-07
4.01           1.030009e-05 1.105916e-03 -1.579815e-07 7.164009e-06 7.052633e-04 2.269792e-15 3.136084e-06 4.006527e-04 -1.579815e-07
4.02           1.029355e-05 1.105911e-03 -1.580030e-07 7.158499e-06 7.052594e-04 2.269807e-15 3.135053e-06 4.006519e-04 -1.580030e-07
4.03           1.028548e-05 1.105912e-03 -1.580240e-07 7.151519e-06 7.052604e-04 2.269782e-15 3.133962e-06 4.006512e-04 -1.580240e-07
4.04           1.027794e-05 1.105909e-03 -1.580448e-07 7.145094e-06 7.052584e-04 2.269767e-15 3.132845e-06 4.006505e-04 -1.580448e-07
4.05           1.027129e-05 1.105906e-03 -1.580651e-07 7.139587e-06 7.052564e-04 2.269772e-15 3.131699e-06 4.006497e-04 -1.580651e-07
4.06           1.026349e-05 1.105906e-03 -1.580851e-07 7.132983e-06 7.052566e-04 2.269759e-15 3.130510e-06 4.006490e-04 -1.580851e-07
4.07           1.025595e-05 1.105904e-03 -1.581047e-07 7.126662e-06 7.052557e-04 2.269750e-15 3.129290e-06 4.006484e-04 -1.581047e-07
4.08           1.024784e-05 1.105902e-03 -1.581240e-07 7.119804e-06 7.052542e-04 2.269734e-15 3.128039e-06 4.006476e-04 -1.581240e-07
4.09           1.024118e-05 1.105899e-03 -1.581428e-07 7.114403e-06 7.052522e-04 2.269726e-15 3.126773e-06 4.006469e-04 -1.581428e-07
4.1            1.023338e-05 1.105899e-03 -1.581612e-07 7.107910e-06 7.052524e-04 2.269708e-15 3.125470e-06 4.006463e-04 -1.581612e-07
4.11           1.022574e-05 1.105898e-03 -1.581791e-07 7.101600e-06 7.052519e-04 2.269703e-15 3.124141e-06 4.006456e-04 -1.581791e-07
4.12           1.021783e-05 1.105895e-03 -1.581968e-07 7.095038e-06 7.052498e-04 2.269672e-15 3.122794e-06 4.006449e-04 -1.581968e-07
4.13           1.021084e-05 1.105893e-03 -1.582138e-07 7.089415e-06 7.052486e-04 2.269682e-15 3.121427e-06 4.006443e-04 -1.582138e-07
4.14           1.020338e-05 1.105892e-03 -1.582304e-07 7.083340e-06 7.052488e-04 2.269654e-15 3.120042e-06 4.006436e-04 -1.582304e-07
4.15           1.019577e-05 1.105891e-03 -1.582465e-07 7.077140e-06 7.052478e-04 2.269641e-15 3.118635e-06 4.006430e-04 -1.582466e-07
4.16           1.018835e-05 1.105890e-03 -1.582623e-07 7.071137e-06 7.052472e-04 2.269625e-15 3.117208e-06 4.006424e-04 -1.582623e-07
4.17           1.018067e-05 1.105885e-03 -1.582776e-07 7.064902e-06 7.052435e-04 2.269595e-15 3.115771e-06 4.006418e-04 -1.582776e-07
4.18           1.017402e-05 1.105886e-03 -1.582922e-07 7.059686e-06 7.052447e-04 2.269599e-15 3.114333e-06 4.006412e-04 -1.582922e-07
4.19           1.016686e-05 1.105882e-03 -1.583065e-07 7.053972e-06 7.052418e-04 2.269576e-15 3.112885e-06 4.006405e-04 -1.583065e-07
4.2            1.015936e-05 1.105882e-03 -1.583201e-07 7.047945e-06 7.052417e-04 2.269561e-15 3.111416e-06 4.006399e-04 -1.583201e-07
4.21           1.015198e-05 1.105882e-03 -1.583332e-07 7.042051e-06 7.052424e-04 2.269532e-15 3.109929e-06 4.006394e-04 -1.583332e-07
4.22           1.014526e-05 1.105879e-03 -1.583459e-07 7.036806e-06 7.052403e-04 2.269530e-15 3.108452e-06 4.006388e-04 -1.583459e-07
4.23           1.013821e-05 1.105878e-03 -1.583581e-07 7.031250e-06 7.052394e-04 2.269496e-15 3.106965e-06 4.006382e-04 -1.583581e-07
4.24           1.013136e-05 1.105876e-03 -1.583698e-07 7.025881e-06 7.052387e-04 2.269497e-15 3.105475e-06 4.006376e-04 -1.583698e-07
4.25           1.012460e-05 1.105874e-03 -1.583810e-07 7.020616e-06 7.052370e-04 2.269462e-15 3.103986e-06 4.006370e-04 -1.583810e-07
4.26           1.011787e-05 1.105874e-03 -1.583916e-07 7.015378e-06 7.052372e-04 2.269440e-15 3.102492e-06 4.006365e-04 -1.583916e-07
4.27           1.011133e-05 1.105871e-03 -1.584017e-07 7.010325e-06 7.052356e-04 2.269427e-15 3.101003e-06 4.006359e-04 -1.584017e-07
4.28           1.010491e-05 1.105870e-03 -1.584113e-07 7.005396e-06 7.052349e-04 2.269388e-15 3.099516e-06 4.006354e-04 -1.584113e-07
4.29           1.009842e-05 1.105869e-03 -1.584203e-07 7.000385e-06 7.052343e-04 2.269386e-15 3.098031e-06 4.006348e-04 -1.584203e-07
4.3            1.009231e-05 1.105868e-03 -1.584288e-07 6.995754e-06 7.052334e-04 2.269353e-15 3.096554e-06 4.006343e-04 -1.584288e-07
4.31           1.008613e-05 1.105866e-03 -1.584367e-07 6.991053e-06 7.052326e-04 2.269342e-15 3.095082e-06 4.006338e-04 -1.584367e-07
4.32           1.008005e-05 1.105865e-03 -1.584442e-07 6.986433e-06 7.052318e-04 2.269325e-15 3.093618e-06 4.006333e-04 -1.584442e-07
4.33           1.007422e-05 1.105864e-03 -1.584511e-07 6.982053e-06 7.052311e-04 2.269298e-15 3.092164e-06 4.006327e-04 -1.584511e-07
4.34           1.006841e-05 1.105863e-03 -1.584575e-07 6.977686e-06 7.052304e-04 2.269272e-15 3.090719e-06 4.006322e-04 -1.584575e-07
4.35           1.006280e-05 1.105861e-03 -1.584634e-07 6.973516e-06 7.052296e-04 2.269265e-15 3.089284e-06 4.006317e-04 -1.584634e-07
4.36           1.005733e-05 1.105860e-03 -1.584688e-07 6.969461e-06 7.052289e-04 2.269249e-15 3.087865e-06 4.006312e-04 -1.584688e-07
4.37           1.005195e-05 1.105859e-03 -1.584737e-07 6.965493e-06 7.052282e-04 2.269216e-15 3.086459e-06 4.006307e-04 -1.584737e-07
4.38           1.004667e-05 1.105858e-03 -1.584780e-07 6.961602e-06 7.052275e-04 2.269209e-15 3.085069e-06 4.006303e-04 -1.584780e-07
4.39           1.004195e-05 1.105857e-03 -1.584818e-07 6.958246e-06 7.052269e-04 2.269189e-15 3.083701e-06 4.006298e-04 -1.584818e-07
4.4            1.003683e-05 1.105856e-03 -1.584852e-07 6.954489e-06 7.052262e-04 2.269150e-15 3.082342e-06 4.006293e-04 -1.584852e-07
4.41           1.003201e-05 1.105854e-03 -1.584880e-07 6.951007e-06 7.052256e-04 2.269134e-15 3.081001e-06 4.006289e-04 -1.584880e-07
4.42           1.002749e-05 1.105853e-03 -1.584903e-07 6.947811e-06 7.052248e-04 2.269123e-15 3.079683e-06 4.006284e-04 -1.584903e-07
4.43           1.002299e-05 1.105852e-03 -1.584922e-07 6.944605e-06 7.052241e-04 2.269102e-15 3.078384e-06 4.006279e-04 -1.584922e-07
4.44           1.001871e-05 1.105851e-03 -1.584935e-07 6.941600e-06 7.052234e-04 2.269083e-15 3.077105e-06 4.006275e-04 -1.584935e-07
4.45           1.001453e-05 1.105850e-03 -1.584945e-07 6.938683e-06 7.052227e-04 2.269067e-15 3.075849e-06 4.006270e-04 -1.584945e-07
4.46           1.001046e-05 1.105849e-03 -1.584949e-07 6.935844e-06 7.052221e-04 2.269050e-15 3.074611e-06 4.006266e-04 -1.584949e-07
4.47           1.000673e-05 1.105848e-03 -1.584949e-07 6.933326e-06 7.052216e-04 2.269034e-15 3.073404e-06 4.006262e-04 -1.584949e-07
4.48           1.000295e-05 1.105847e-03 -1.584944e-07 6.930734e-06 7.052208e-04 2.269020e-15 3.072215e-06 4.006257e-04 -1.584944e-07
4.49           9.999443e-06 1.105846e-03 -1.584935e-07 6.928389e-06 7.052203e-04 2.269012e-15 3.071053e-06 4.006253e-04 -1.584935e-07
4.5            9.996155e-06 1.105845e-03 -1.584922e-07 6.926237e-06 7.052197e-04 2.268978e-15 3.069918e-06 4.006249e-04 -1.584922e-07
4.51           9.992946e-06 1.105844e-03 -1.584905e-07 6.924137e-06 7.052192e-04 2.268955e-15 3.068808e-06 4.006245e-04 -1.584905e-07
4.52           9.989913e-06 1.105843e-03 -1.584883e-07 6.922189e-06 7.052185e-04 2.268950e-15 3.067725e-06 4.006241e-04 -1.584883e-07
4.53           9.987028e-06 1.105842e-03 -1.584857e-07 6.920359e-06 7.052180e-04 2.268943e-15 3.066669e-06 4.006237e-04 -1.584857e-07
4.54           9.984312e-06 1.105841e-03 -1.584828e-07 6.918671e-06 7.052173e-04 2.268919e-15 3.065641e-06 4.006233e-04 -1.584828e-07
4.55           9.981748e-06 1.105840e-03 -1.584794e-07 6.917107e-06 7.052168e-04 2.268912e-15 3.064641e-06 4.006229e-04 -1.584794e-07
4.56           9.979666e-06 1.105838e-03 -1.584757e-07 6.915985e-06 7.052160e-04 2.268914e-15 3.063681e-06 4.006225e-04 -1.584757e-07
4.57           9.977068e-06 1.105839e-03 -1.584715e-07 6.914335e-06 7.052165e-04 2.268876e-15 3.062733e-06 4.006221e-04 -1.584715e-07
4.58           9.975421e-06 1.105835e-03 -1.584672e-07 6.913594e-06 7.052131e-04 2.268862e-15 3.061826e-06 4.006217e-04 -1.584672e-07
4.59           9.972893e-06 1.105837e-03 -1.584624e-07 6.911960e-06 7.052161e-04 2.268851e-15 3.060933e-06 4.006214e-04 -1.584624e-07
4.6            9.971269e-06 1.105833e-03 -1.584573e-07 6.911195e-06 7.052119e-04 2.268839e-15 3.060074e-06 4.006210e-04 -1.584573e-07
4.61           9.970059e-06 1.105835e-03 -1.584517e-07 6.910794e-06 7.052146e-04 2.268822e-15 3.059265e-06 4.006207e-04 -1.584517e-07
4.62           9.968170e-06 1.105831e-03 -1.584461e-07 6.909705e-06 7.052109e-04 2.268821e-15 3.058465e-06 4.006203e-04 -1.584461e-07
4.63           9.966869e-06 1.105834e-03 -1.584399e-07 6.909163e-06 7.052137e-04 2.268796e-15 3.057705e-06 4.006200e-04 -1.584399e-07
4.64           9.965671e-06 1.105829e-03 -1.584336e-07 6.908701e-06 7.052099e-04 2.268793e-15 3.056970e-06 4.006196e-04 -1.584336e-07
4.65           9.965113e-06 1.105832e-03 -1.584268e-07 6.908830e-06 7.052124e-04 2.268769e-15 3.056282e-06 4.006193e-04 -1.584268e-07
4.66           9.963694e-06 1.105828e-03 -1.584200e-07 6.908089e-06 7.052089e-04 2.268764e-15 3.055605e-06 4.006189e-04 -1.584200e-07
4.67           9.963086e-06 1.105830e-03 -1.584128e-07 6.908115e-06 7.052116e-04 2.268767e-15 3.054972e-06 4.006186e-04 -1.584128e-07
4.68           9.962342e-06 1.105826e-03 -1.584054e-07 6.907981e-06 7.052080e-04 2.268754e-15 3.054361e-06 4.006183e-04 -1.584054e-07
4.69           9.962452e-06 1.105828e-03 -1.583976e-07 6.908654e-06 7.052104e-04 2.268746e-15 3.053798e-06 4.006179e-04 -1.583976e-07
4.7            9.961591e-06 1.105825e-03 -1.583899e-07 6.908344e-06 7.052070e-04 2.268728e-15 3.053247e-06 4.006176e-04 -1.583899e-07
4.71           9.961573e-06 1.105827e-03 -1.583817e-07 6.908835e-06 7.052096e-04 2.268722e-15 3.052738e-06 4.006173e-04 -1.583817e-07
4.72           9.961335e-06 1.105823e-03 -1.583734e-07 6.909083e-06 7.052064e-04 2.268723e-15 3.052253e-06 4.006170e-04 -1.583734e-07
4.73           9.961723e-06 1.105825e-03 -1.583649e-07 6.909913e-06 7.052083e-04 2.268704e-15 3.051809e-06 4.006167e-04 -1.583649e-07
4.74           9.961610e-06 1.105822e-03 -1.583562e-07 6.910225e-06 7.052057e-04 2.268713e-15 3.051385e-06 4.006164e-04 -1.583562e-07
4.75           9.962492e-06 1.105824e-03 -1.583473e-07 6.911485e-06 7.052075e-04 2.268707e-15 3.051006e-06 4.006161e-04 -1.583473e-07
4.76           9.962523e-06 1.105820e-03 -1.583384e-07 6.911880e-06 7.052044e-04 2.268696e-15 3.050644e-06 4.006157e-04 -1.583384e-07
4.77           9.963190e-06 1.105822e-03 -1.583292e-07 6.912873e-06 7.052068e-04 2.268701e-15 3.050317e-06 4.006155e-04 -1.583292e-07
4.78           9.963817e-06 1.105819e-03 -1.583199e-07 6.913801e-06 7.052039e-04 2.268697e-15 3.050016e-06 4.006152e-04 -1.583199e-07
4.79           9.964775e-06 1.105821e-03 -1.583104e-07 6.915023e-06 7.052057e-04 2.268695e-15 3.049752e-06 4.006149e-04 -1.583104e-07
4.8            9.965522e-06 1.105818e-03 -1.583010e-07 6.916013e-06 7.052033e-04 2.268698e-15 3.049510e-06 4.006146e-04 -1.583010e-07
4.81           9.966926e-06 1.105819e-03 -1.582912e-07 6.917616e-06 7.052050e-04 2.268693e-15 3.049310e-06 4.006143e-04 -1.582912e-07
4.82           9.967682e-06 1.105816e-03 -1.582817e-07 6.918558e-06 7.052021e-04 2.268680e-15 3.049124e-06 4.006140e-04 -1.582817e-07
4.83           9.969080e-06 1.105818e-03 -1.582718e-07 6.920105e-06 7.052045e-04 2.268694e-15 3.048974e-06 4.006138e-04 -1.582718e-07
4.84           9.970288e-06 1.105815e-03 -1.582620e-07 6.921442e-06 7.052017e-04 2.268683e-15 3.048847e-06 4.006135e-04 -1.582620e-07
4.85           9.972077e-06 1.105817e-03 -1.582519e-07 6.923319e-06 7.052034e-04 2.268676e-15 3.048758e-06 4.006133e-04 -1.582519e-07
4.86           9.973198e-06 1.105814e-03 -1.582421e-07 6.924516e-06 7.052007e-04 2.268696e-15 3.048683e-06 4.006130e-04 -1.582421e-07
4.87           9.975049e-06 1.105816e-03 -1.582320e-07 6.926406e-06 7.052030e-04 2.268682e-15 3.048643e-06 4.006127e-04 -1.582320e-07
4.88           9.976578e-06 1.105813e-03 -1.582220e-07 6.927953e-06 7.052003e-04 2.268707e-15 3.048624e-06 4.006125e-04 -1.582220e-07
4.89           9.978576e-06 1.105814e-03 -1.582119e-07 6.929937e-06 7.052019e-04 2.268683e-15 3.048638e-06 4.006122e-04 -1.582119e-07
4.9            9.980218e-06 1.105812e-03 -1.582019e-07 6.931548e-06 7.051998e-04 2.268679e-15 3.048670e-06 4.006120e-04 -1.582019e-07
4.91           9.982317e-06 1.105813e-03 -1.581917e-07 6.933586e-06 7.052014e-04 2.268707e-15 3.048732e-06 4.006118e-04 -1.581917e-07
4.92           9.984204e-06 1.105810e-03 -1.581818e-07 6.935389e-06 7.051982e-04 2.268710e-15 3.048815e-06 4.006115e-04 -1.581818e-07
4.93           9.986533e-06 1.105813e-03 -1.581716e-07 6.937608e-06 7.052013e-04 2.268708e-15 3.048925e-06 4.006113e-04 -1.581716e-07
4.94           9.988511e-06 1.105809e-03 -1.581617e-07 6.939455e-06 7.051983e-04 2.268701e-15 3.049056e-06 4.006110e-04 -1.581617e-07
4.95           9.990770e-06 1.105811e-03 -1.581516e-07 6.941560e-06 7.051999e-04 2.268710e-15 3.049210e-06 4.006108e-04 -1.581516e-07
4.96           9.992885e-06 1.105808e-03 -1.581418e-07 6.943502e-06 7.051978e-04 2.268718e-15 3.049384e-06 4.006106e-04 -1.581418e-07
4.97           9.995187e-06 1.105810e-03 -1.581318e-07 6.945611e-06 7.051995e-04 2.268719e-15 3.049576e-06 4.006104e-04 -1.581318e-07
4.98           9.997654e-06 1.105806e-03 -1.581222e-07 6.947856e-06 7.051961e-04 2.268726e-15 3.049798e-06 4.006101e-04 -1.581222e-07
4.99           1.000041e-05 1.105810e-03 -1.581123e-07 6.950373e-06 7.051997e-04 2.268728e-15 3.050040e-06 4.006099e-04 -1.581123e-07
5              1.000266e-05 1.105806e-03 -1.581028e-07 6.952358e-06 7.051965e-04 2.268745e-15 3.050299e-06 4.006097e-04 -1.581028e-07
