# Moment      
# CofR        : (2.000000e-01 2.000000e-01 5.000000e-01)
#
# Time        	total_x total_y total_z	pressure_x pressure_y pressure_z	viscous_x viscous_y viscous_z
0.01           3.683670e-14 3.035064e-14 -7.694723e+02 3.687577e-14 3.033745e-14 -7.690034e+02 -3.907308e-17 1.319452e-17 -4.688419e-01
0.02           -2.062947e-16 -1.927467e-16 1.150020e+00 -2.070565e-16 -1.925614e-16 1.615261e+00 7.617787e-19 -1.853114e-19 -4.652405e-01
0.03           -1.255322e-16 -1.071106e-16 8.879358e-01 -1.261535e-16 -1.069456e-16 1.349716e+00 6.212222e-19 -1.650072e-19 -4.617801e-01
0.04           -9.507177e-17 -8.131922e-17 2.119138e-01 -9.561775e-17 -8.115023e-17 6.703745e-01 5.459756e-19 -1.689918e-19 -4.584607e-01
0.05           -7.704994e-17 -6.569049e-17 -2.770163e-01 -7.753224e-17 -6.551366e-17 1.782290e-01 4.822950e-19 -1.768320e-19 -4.552453e-01
0.06           -6.478859e-17 -5.498212e-17 -7.000135e-01 -6.521269e-17 -5.479733e-17 -2.478611e-01 4.241029e-19 -1.847916e-19 -4.521524e-01
0.07           -5.571633e-17 -4.708577e-17 -1.043796e+00 -5.608628e-17 -4.689422e-17 -5.946205e-01 3.699536e-19 -1.915405e-19 -4.491755e-01
0.08           -4.884016e-17 -4.108073e-17 -1.317062e+00 -4.915996e-17 -4.088434e-17 -8.707616e-01 3.198022e-19 -1.963969e-19 -4.463008e-01
0.09           -4.345966e-17 -3.638114e-17 -1.543436e+00 -4.373351e-17 -3.618206e-17 -1.099918e+00 2.738540e-19 -1.990777e-19 -4.435183e-01
0.1            -3.915970e-17 -3.262798e-17 -1.730363e+00 -3.939212e-17 -3.242842e-17 -1.289547e+00 2.324172e-19 -1.995577e-19 -4.408157e-01
0.11           -3.565869e-17 -2.956229e-17 -1.887454e+00 -3.585428e-17 -2.936422e-17 -1.449271e+00 1.955886e-19 -1.980672e-19 -4.381835e-01
0.12           -3.277434e-17 -2.708881e-17 -1.994627e+00 -3.293782e-17 -2.689378e-17 -1.559035e+00 1.634732e-19 -1.950260e-19 -4.355920e-01
0.13           -3.037736e-17 -2.505872e-17 -2.070090e+00 -3.051314e-17 -2.486781e-17 -1.637072e+00 1.357758e-19 -1.909165e-19 -4.330185e-01
0.14           -2.837603e-17 -2.336721e-17 -2.125560e+00 -2.848797e-17 -2.318099e-17 -1.695110e+00 1.119384e-19 -1.862232e-19 -4.304497e-01
0.15           -2.665055e-17 -2.194326e-17 -2.161586e+00 -2.674187e-17 -2.176176e-17 -1.733715e+00 9.132028e-20 -1.815029e-19 -4.278710e-01
0.16           -2.515862e-17 -2.073511e-17 -2.182277e+00 -2.523180e-17 -2.055786e-17 -1.757005e+00 7.317380e-20 -1.772496e-19 -4.252721e-01
0.17           -2.397283e-17 -1.973949e-17 -2.183949e+00 -2.402941e-17 -1.956583e-17 -1.761306e+00 5.658825e-20 -1.736605e-19 -4.226432e-01
0.18           -2.291940e-17 -1.890089e-17 -2.166779e+00 -2.296007e-17 -1.872987e-17 -1.746806e+00 4.067340e-20 -1.710126e-19 -4.199725e-01
0.19           -2.201363e-17 -1.818183e-17 -2.142875e+00 -2.203825e-17 -1.801244e-17 -1.725613e+00 2.461708e-20 -1.693894e-19 -4.172615e-01
0.2            -2.124126e-17 -1.755376e-17 -2.119110e+00 -2.124898e-17 -1.738504e-17 -1.704591e+00 7.718644e-21 -1.687262e-19 -4.145191e-01
0.21           -2.058900e-17 -1.700870e-17 -2.095062e+00 -2.057847e-17 -1.683985e-17 -1.683308e+00 -1.053447e-20 -1.688516e-19 -4.117542e-01
0.22           -2.005034e-17 -1.653808e-17 -2.073144e+00 -2.001986e-17 -1.636857e-17 -1.664166e+00 -3.047610e-20 -1.695133e-19 -4.089779e-01
0.23           -1.967879e-17 -1.618566e-17 -2.060191e+00 -1.962658e-17 -1.601526e-17 -1.653986e+00 -5.220981e-20 -1.704055e-19 -4.062048e-01
0.24           -1.939225e-17 -1.588359e-17 -2.052466e+00 -1.931649e-17 -1.571241e-17 -1.649019e+00 -7.575745e-20 -1.711851e-19 -4.034471e-01
0.25           -1.909130e-17 -1.555123e-17 -2.045124e+00 -1.899033e-17 -1.537969e-17 -1.644410e+00 -1.009645e-19 -1.715408e-19 -4.007137e-01
0.26           -1.883649e-17 -1.524373e-17 -2.042012e+00 -1.870909e-17 -1.507251e-17 -1.643999e+00 -1.274001e-19 -1.712155e-19 -3.980135e-01
0.27           -1.868993e-17 -1.501615e-17 -2.029912e+00 -1.853540e-17 -1.484615e-17 -1.634566e+00 -1.545325e-19 -1.700014e-19 -3.953458e-01
0.28           -1.857295e-17 -1.480319e-17 -2.018889e+00 -1.839104e-17 -1.463549e-17 -1.626174e+00 -1.819023e-19 -1.677036e-19 -3.927148e-01
0.29           -1.840747e-17 -1.454296e-17 -2.019257e+00 -1.819846e-17 -1.437877e-17 -1.629127e+00 -2.090101e-19 -1.641931e-19 -3.901298e-01
0.3            -1.826623e-17 -1.429040e-17 -2.019398e+00 -1.803095e-17 -1.413097e-17 -1.631807e+00 -2.352813e-19 -1.594392e-19 -3.875914e-01
0.31           -1.819984e-17 -1.406326e-17 -2.014644e+00 -1.793953e-17 -1.390991e-17 -1.629548e+00 -2.603153e-19 -1.533581e-19 -3.850965e-01
0.32           -1.810027e-17 -1.381780e-17 -2.012837e+00 -1.781646e-17 -1.367173e-17 -1.630191e+00 -2.838070e-19 -1.460734e-19 -3.826457e-01
0.33           -1.798213e-17 -1.354830e-17 -2.014137e+00 -1.767670e-17 -1.341052e-17 -1.633897e+00 -3.054323e-19 -1.377813e-19 -3.802397e-01
0.34           -1.791178e-17 -1.336098e-17 -2.004221e+00 -1.758698e-17 -1.323222e-17 -1.626351e+00 -3.247997e-19 -1.287653e-19 -3.778691e-01
0.35           -1.785502e-17 -1.319246e-17 -1.990630e+00 -1.751315e-17 -1.307320e-17 -1.615099e+00 -3.418683e-19 -1.192562e-19 -3.755302e-01
0.36           -1.795831e-17 -1.313203e-17 -1.957400e+00 -1.760168e-17 -1.302267e-17 -1.584191e+00 -3.566321e-19 -1.093570e-19 -3.732085e-01
0.37           -1.783998e-17 -1.288782e-17 -1.954758e+00 -1.747038e-17 -1.278837e-17 -1.583837e+00 -3.696005e-19 -9.945538e-20 -3.709206e-01
0.38           -1.773197e-17 -1.264611e-17 -1.952704e+00 -1.735139e-17 -1.255609e-17 -1.584039e+00 -3.805751e-19 -9.001676e-20 -3.686652e-01
0.39           -1.762952e-17 -1.240674e-17 -1.951349e+00 -1.723971e-17 -1.232536e-17 -1.584908e+00 -3.898143e-19 -8.137721e-20 -3.664409e-01
0.4            -1.751130e-17 -1.214848e-17 -1.948464e+00 -1.711355e-17 -1.207470e-17 -1.584218e+00 -3.977461e-19 -7.377186e-20 -3.642458e-01
0.41           -1.740775e-17 -1.190181e-17 -1.945769e+00 -1.700305e-17 -1.183437e-17 -1.583691e+00 -4.047013e-19 -6.743533e-20 -3.620780e-01
0.42           -1.725653e-17 -1.164073e-17 -1.949652e+00 -1.684536e-17 -1.157799e-17 -1.589711e+00 -4.111718e-19 -6.274398e-20 -3.599405e-01
0.43           -1.715412e-17 -1.142965e-17 -1.953025e+00 -1.673664e-17 -1.136989e-17 -1.595195e+00 -4.174739e-19 -5.975460e-20 -3.578298e-01
0.44           -1.709969e-17 -1.124891e-17 -1.952473e+00 -1.667554e-17 -1.119061e-17 -1.596731e+00 -4.241511e-19 -5.829476e-20 -3.557418e-01
0.45           -1.706549e-17 -1.107224e-17 -1.951246e+00 -1.663381e-17 -1.101399e-17 -1.597571e+00 -4.316794e-19 -5.824768e-20 -3.536751e-01
0.46           -1.704051e-17 -1.089741e-17 -1.949214e+00 -1.660012e-17 -1.083794e-17 -1.597585e+00 -4.403914e-19 -5.946194e-20 -3.516286e-01
0.47           -1.703951e-17 -1.073980e-17 -1.949287e+00 -1.658900e-17 -1.067810e-17 -1.599684e+00 -4.505059e-19 -6.170095e-20 -3.496035e-01
0.48           -1.704927e-17 -1.058624e-17 -1.949305e+00 -1.658707e-17 -1.052156e-17 -1.601705e+00 -4.622012e-19 -6.467955e-20 -3.476003e-01
0.49           -1.708067e-17 -1.044366e-17 -1.952621e+00 -1.660515e-17 -1.037557e-17 -1.607000e+00 -4.755186e-19 -6.808654e-20 -3.456219e-01
0.5            -1.712897e-17 -1.031030e-17 -1.956123e+00 -1.663856e-17 -1.023870e-17 -1.612453e+00 -4.904060e-19 -7.159434e-20 -3.436697e-01
0.51           -1.719281e-17 -1.018548e-17 -1.959669e+00 -1.668609e-17 -1.011061e-17 -1.617924e+00 -5.067247e-19 -7.487117e-20 -3.417452e-01
0.52           -1.726863e-17 -1.006637e-17 -1.963344e+00 -1.674437e-17 -9.988767e-18 -1.623494e+00 -5.242574e-19 -7.759822e-20 -3.398500e-01
0.53           -1.732524e-17 -9.935413e-18 -1.969517e+00 -1.678249e-17 -9.855843e-18 -1.631529e+00 -5.427464e-19 -7.957074e-20 -3.379875e-01
0.54           -1.741357e-17 -9.818381e-18 -1.973593e+00 -1.685176e-17 -9.737934e-18 -1.637435e+00 -5.618076e-19 -8.044642e-20 -3.361575e-01
0.55           -1.749404e-17 -9.688912e-18 -1.980405e+00 -1.691290e-17 -9.608847e-18 -1.646041e+00 -5.811361e-19 -8.006462e-20 -3.343644e-01
0.56           -1.756647e-17 -9.545076e-18 -1.988825e+00 -1.696612e-17 -9.466747e-18 -1.656214e+00 -6.003512e-19 -7.832969e-20 -3.326111e-01
0.57           -1.761819e-17 -9.417867e-18 -2.000142e+00 -1.699901e-17 -9.342643e-18 -1.669241e+00 -6.191757e-19 -7.522376e-20 -3.309010e-01
0.58           -1.766927e-17 -9.284649e-18 -2.012526e+00 -1.703201e-17 -9.213860e-18 -1.683290e+00 -6.372587e-19 -7.078875e-20 -3.292364e-01
0.59           -1.769938e-17 -9.161393e-18 -2.027836e+00 -1.704497e-17 -9.096259e-18 -1.700215e+00 -6.544128e-19 -6.513438e-20 -3.276208e-01
0.6            -1.773157e-17 -8.999373e-18 -2.039716e+00 -1.706122e-17 -8.940983e-18 -1.713661e+00 -6.703484e-19 -5.838976e-20 -3.260554e-01
0.61           -1.775432e-17 -8.823812e-18 -2.050783e+00 -1.706934e-17 -8.773086e-18 -1.726236e+00 -6.849762e-19 -5.072557e-20 -3.245473e-01
0.62           -1.777130e-17 -8.634139e-18 -2.058320e+00 -1.707305e-17 -8.591774e-18 -1.735219e+00 -6.982496e-19 -4.236462e-20 -3.231007e-01
0.63           -1.775192e-17 -8.428548e-18 -2.071241e+00 -1.704170e-17 -8.394975e-18 -1.749560e+00 -7.102193e-19 -3.357335e-20 -3.216804e-01
0.64           -1.772043e-17 -8.122413e-18 -2.097296e+00 -1.699955e-17 -8.097593e-18 -1.777014e+00 -7.208727e-19 -2.482010e-20 -3.202819e-01
0.65           -1.759717e-17 -8.202776e-18 -2.099697e+00 -1.686648e-17 -8.187722e-18 -1.780736e+00 -7.306943e-19 -1.505367e-20 -3.189607e-01
0.66           -1.755578e-17 -8.026483e-18 -2.103035e+00 -1.681628e-17 -8.021229e-18 -1.785316e+00 -7.394973e-19 -5.253678e-21 -3.177187e-01
0.67           -1.750695e-17 -7.831790e-18 -2.109092e+00 -1.675940e-17 -7.836182e-18 -1.792562e+00 -7.475505e-19 4.392033e-21 -3.165302e-01
0.68           -1.745872e-17 -7.644650e-18 -2.127330e+00 -1.670368e-17 -7.658416e-18 -1.811941e+00 -7.550407e-19 1.376615e-20 -3.153885e-01
0.69           -1.739747e-17 -7.495818e-18 -2.149848e+00 -1.663536e-17 -7.518779e-18 -1.835581e+00 -7.621100e-19 2.296095e-20 -3.142665e-01
0.7            -1.729804e-17 -7.150904e-18 -2.145463e+00 -1.652901e-17 -7.182110e-18 -1.832219e+00 -7.690324e-19 3.120596e-20 -3.132444e-01
0.71           -1.735229e-17 -7.025504e-18 -2.143074e+00 -1.657628e-17 -7.064431e-18 -1.830808e+00 -7.760136e-19 3.892681e-20 -3.122665e-01
0.72           -1.738040e-17 -6.849889e-18 -2.146852e+00 -1.659710e-17 -6.896179e-18 -1.835524e+00 -7.833031e-19 4.629022e-20 -3.113279e-01
0.73           -1.731948e-17 -6.600562e-18 -2.164557e+00 -1.652857e-17 -6.653829e-18 -1.854130e+00 -7.909152e-19 5.326765e-20 -3.104274e-01
0.74           -1.738799e-17 -6.595890e-18 -2.163608e+00 -1.658940e-17 -6.655757e-18 -1.854053e+00 -7.985904e-19 5.986769e-20 -3.095551e-01
0.75           -1.748655e-17 -6.544577e-18 -2.175056e+00 -1.667958e-17 -6.610918e-18 -1.866320e+00 -8.069760e-19 6.634096e-20 -3.087361e-01
0.76           -1.744324e-17 -6.431047e-18 -2.186220e+00 -1.662741e-17 -6.503669e-18 -1.878243e+00 -8.158350e-19 7.262195e-20 -3.079778e-01
0.77           -1.742433e-17 -6.276035e-18 -2.192648e+00 -1.659944e-17 -6.354844e-18 -1.885357e+00 -8.248879e-19 7.880880e-20 -3.072909e-01
0.78           -1.741406e-17 -6.123893e-18 -2.201121e+00 -1.657978e-17 -6.208817e-18 -1.894476e+00 -8.342769e-19 8.492384e-20 -3.066450e-01
0.79           -1.741105e-17 -5.980672e-18 -2.207341e+00 -1.656707e-17 -6.071707e-18 -1.901304e+00 -8.439778e-19 9.103510e-20 -3.060364e-01
0.8            -1.744712e-17 -5.826033e-18 -2.225619e+00 -1.659345e-17 -5.923241e-18 -1.920151e+00 -8.536713e-19 9.720793e-20 -3.054687e-01
0.81           -1.753312e-17 -5.741605e-18 -2.234212e+00 -1.666981e-17 -5.845153e-18 -1.929278e+00 -8.633098e-19 1.035475e-19 -3.049341e-01
0.82           -1.763993e-17 -5.660504e-18 -2.246386e+00 -1.676698e-17 -5.770670e-18 -1.941951e+00 -8.729431e-19 1.101661e-19 -3.044349e-01
0.83           -1.767701e-17 -5.562406e-18 -2.247656e+00 -1.679447e-17 -5.679423e-18 -1.943693e+00 -8.825373e-19 1.170178e-19 -3.039627e-01
0.84           -1.771947e-17 -5.484712e-18 -2.243067e+00 -1.682755e-17 -5.608798e-18 -1.939554e+00 -8.919199e-19 1.240855e-19 -3.035128e-01
0.85           -1.776139e-17 -5.413603e-18 -2.239670e+00 -1.686046e-17 -5.544986e-18 -1.936585e+00 -9.009285e-19 1.313835e-19 -3.030852e-01
0.86           -1.782605e-17 -5.326637e-18 -2.232775e+00 -1.691667e-17 -5.465585e-18 -1.930097e+00 -9.093760e-19 1.389475e-19 -3.026780e-01
0.87           -1.786574e-17 -5.254858e-18 -2.240303e+00 -1.694845e-17 -5.401306e-18 -1.938002e+00 -9.172884e-19 1.464480e-19 -3.023017e-01
0.88           -1.789931e-17 -5.126989e-18 -2.248541e+00 -1.697513e-17 -5.280557e-18 -1.946584e+00 -9.241772e-19 1.535678e-19 -3.019572e-01
0.89           -1.783048e-17 -5.240646e-18 -2.223331e+00 -1.690034e-17 -5.401503e-18 -1.921670e+00 -9.301473e-19 1.608563e-19 -3.016609e-01
0.9            -1.787780e-17 -5.275251e-18 -2.230688e+00 -1.694275e-17 -5.443453e-18 -1.929337e+00 -9.350520e-19 1.682015e-19 -3.013508e-01
0.91           -1.790350e-17 -5.225034e-18 -2.219788e+00 -1.696450e-17 -5.400520e-18 -1.918743e+00 -9.390038e-19 1.754862e-19 -3.010455e-01
0.92           -1.791181e-17 -5.216944e-18 -2.204946e+00 -1.696975e-17 -5.399429e-18 -1.904197e+00 -9.420682e-19 1.824847e-19 -3.007489e-01
0.93           -1.792254e-17 -5.219072e-18 -2.190520e+00 -1.697832e-17 -5.408110e-18 -1.890058e+00 -9.442256e-19 1.890379e-19 -3.004615e-01
0.94           -1.800351e-17 -5.280338e-18 -2.185622e+00 -1.705792e-17 -5.475408e-18 -1.885434e+00 -9.455888e-19 1.950709e-19 -3.001886e-01
0.95           -1.808316e-17 -5.350366e-18 -2.181154e+00 -1.713689e-17 -5.550864e-18 -1.881225e+00 -9.462762e-19 2.004986e-19 -2.999295e-01
0.96           -1.811021e-17 -5.391475e-18 -2.170961e+00 -1.716383e-17 -5.596693e-18 -1.871282e+00 -9.463771e-19 2.052179e-19 -2.996786e-01
0.97           -1.811549e-17 -5.408236e-18 -2.158457e+00 -1.716951e-17 -5.617393e-18 -1.859024e+00 -9.459815e-19 2.091571e-19 -2.994329e-01
0.98           -1.812095e-17 -5.434538e-18 -2.147965e+00 -1.717572e-17 -5.646796e-18 -1.848774e+00 -9.452258e-19 2.122584e-19 -2.991916e-01
0.99           -1.812922e-17 -5.457613e-18 -2.139820e+00 -1.718499e-17 -5.672102e-18 -1.840865e+00 -9.442326e-19 2.144887e-19 -2.989544e-01
1              -1.811556e-17 -5.488374e-18 -2.131153e+00 -1.717243e-17 -5.704231e-18 -1.832434e+00 -9.431343e-19 2.158565e-19 -2.987194e-01
1.01           -1.809028e-17 -5.505255e-18 -2.124481e+00 -1.714826e-17 -5.721627e-18 -1.825995e+00 -9.420274e-19 2.163719e-19 -2.984862e-01
1.02           -1.811424e-17 -5.531738e-18 -2.117444e+00 -1.717331e-17 -5.747802e-18 -1.819191e+00 -9.409276e-19 2.160640e-19 -2.982531e-01
1.03           -1.814866e-17 -5.570882e-18 -2.118001e+00 -1.720867e-17 -5.785893e-18 -1.819978e+00 -9.399809e-19 2.150112e-19 -2.980237e-01
1.04           -1.816231e-17 -5.557311e-18 -2.127858e+00 -1.722303e-17 -5.770604e-18 -1.830055e+00 -9.392798e-19 2.132929e-19 -2.978024e-01
1.05           -1.817979e-17 -5.636629e-18 -2.122935e+00 -1.724123e-17 -5.847637e-18 -1.825364e+00 -9.385570e-19 2.110080e-19 -2.975712e-01
1.06           -1.815495e-17 -5.687163e-18 -2.119298e+00 -1.721707e-17 -5.895410e-18 -1.821964e+00 -9.378769e-19 2.082473e-19 -2.973346e-01
1.07           -1.813014e-17 -5.674291e-18 -2.126606e+00 -1.719283e-17 -5.879337e-18 -1.829506e+00 -9.373054e-19 2.050456e-19 -2.971002e-01
1.08           -1.808880e-17 -5.643018e-18 -2.136639e+00 -1.715193e-17 -5.844490e-18 -1.839769e+00 -9.368690e-19 2.014719e-19 -2.968696e-01
1.09           -1.804817e-17 -5.609159e-18 -2.148970e+00 -1.711169e-17 -5.806739e-18 -1.852333e+00 -9.364832e-19 1.975806e-19 -2.966369e-01
1.1            -1.800612e-17 -5.543128e-18 -2.168174e+00 -1.707013e-17 -5.736616e-18 -1.871762e+00 -9.359964e-19 1.934880e-19 -2.964113e-01
1.11           -1.794576e-17 -5.473007e-18 -2.188397e+00 -1.701033e-17 -5.662270e-18 -1.892202e+00 -9.354327e-19 1.892636e-19 -2.961952e-01
1.12           -1.785756e-17 -5.413082e-18 -2.225114e+00 -1.692297e-17 -5.598137e-18 -1.929117e+00 -9.345985e-19 1.850552e-19 -2.959968e-01
1.13           -1.779525e-17 -5.346292e-18 -2.247214e+00 -1.686159e-17 -5.527114e-18 -1.951407e+00 -9.336667e-19 1.808227e-19 -2.958071e-01
1.14           -1.776577e-17 -5.273777e-18 -2.269887e+00 -1.683308e-17 -5.450486e-18 -1.974261e+00 -9.326884e-19 1.767093e-19 -2.956257e-01
1.15           -1.771936e-17 -5.246318e-18 -2.277952e+00 -1.678771e-17 -5.419173e-18 -1.982510e+00 -9.316459e-19 1.728548e-19 -2.954426e-01
1.16           -1.764566e-17 -5.184992e-18 -2.292651e+00 -1.671510e-17 -5.354165e-18 -1.997389e+00 -9.305547e-19 1.691735e-19 -2.952617e-01
1.17           -1.758542e-17 -5.092182e-18 -2.321123e+00 -1.665601e-17 -5.257850e-18 -2.026032e+00 -9.294070e-19 1.656689e-19 -2.950906e-01
1.18           -1.752413e-17 -4.993169e-18 -2.346508e+00 -1.659591e-17 -5.155543e-18 -2.051581e+00 -9.282263e-19 1.623743e-19 -2.949269e-01
1.19           -1.747138e-17 -4.890299e-18 -2.366467e+00 -1.654433e-17 -5.049610e-18 -2.071700e+00 -9.270529e-19 1.593112e-19 -2.947676e-01
1.2            -1.741449e-17 -4.788554e-18 -2.389583e+00 -1.648856e-17 -4.945078e-18 -2.094969e+00 -9.259299e-19 1.565237e-19 -2.946140e-01
1.21           -1.734979e-17 -4.671739e-18 -2.415311e+00 -1.642491e-17 -4.825793e-18 -2.120843e+00 -9.248830e-19 1.540543e-19 -2.944676e-01
1.22           -1.724441e-17 -4.500220e-18 -2.457620e+00 -1.632042e-17 -4.652217e-18 -2.163282e+00 -9.239930e-19 1.519973e-19 -2.943380e-01
1.23           -1.717760e-17 -4.351381e-18 -2.480115e+00 -1.625445e-17 -4.501685e-18 -2.185901e+00 -9.231514e-19 1.503035e-19 -2.942144e-01
1.24           -1.713548e-17 -4.217663e-18 -2.496787e+00 -1.621310e-17 -4.366657e-18 -2.202693e+00 -9.223820e-19 1.489942e-19 -2.940938e-01
1.25           -1.703794e-17 -4.024094e-18 -2.529665e+00 -1.611615e-17 -4.172277e-18 -2.235679e+00 -9.217898e-19 1.481835e-19 -2.939859e-01
1.26           -1.697190e-17 -3.893006e-18 -2.544507e+00 -1.605069e-17 -4.040822e-18 -2.250627e+00 -9.212115e-19 1.478157e-19 -2.938804e-01
1.27           -1.695556e-17 -3.789227e-18 -2.551415e+00 -1.603498e-17 -3.937101e-18 -2.257640e+00 -9.205858e-19 1.478738e-19 -2.937742e-01
1.28           -1.690362e-17 -3.615032e-18 -2.575855e+00 -1.598364e-17 -3.763491e-18 -2.282177e+00 -9.199775e-19 1.484596e-19 -2.936785e-01
1.29           -1.686783e-17 -3.468209e-18 -2.605716e+00 -1.594851e-17 -3.617758e-18 -2.312118e+00 -9.193191e-19 1.495490e-19 -2.935977e-01
1.3            -1.681664e-17 -3.369696e-18 -2.621964e+00 -1.589796e-17 -3.520890e-18 -2.328439e+00 -9.186785e-19 1.511936e-19 -2.935248e-01
1.31           -1.677768e-17 -3.253771e-18 -2.631621e+00 -1.585995e-17 -3.406973e-18 -2.338160e+00 -9.177278e-19 1.532020e-19 -2.934606e-01
1.32           -1.668442e-17 -3.182406e-18 -2.625332e+00 -1.576793e-17 -3.338042e-18 -2.331956e+00 -9.164934e-19 1.556362e-19 -2.933761e-01
1.33           -1.673106e-17 -3.160792e-18 -2.646972e+00 -1.581634e-17 -3.319157e-18 -2.353679e+00 -9.147207e-19 1.583647e-19 -2.932932e-01
1.34           -1.682392e-17 -3.175016e-18 -2.676977e+00 -1.591152e-17 -3.336392e-18 -2.383763e+00 -9.123951e-19 1.613763e-19 -2.932132e-01
1.35           -1.683101e-17 -3.166673e-18 -2.684155e+00 -1.592139e-17 -3.331334e-18 -2.391037e+00 -9.096277e-19 1.646604e-19 -2.931176e-01
1.36           -1.680917e-17 -3.104081e-18 -2.681420e+00 -1.590274e-17 -3.272185e-18 -2.388407e+00 -9.064257e-19 1.681048e-19 -2.930126e-01
1.37           -1.679771e-17 -3.051840e-18 -2.675832e+00 -1.589493e-17 -3.223473e-18 -2.382934e+00 -9.027794e-19 1.716334e-19 -2.928980e-01
1.38           -1.678017e-17 -2.991185e-18 -2.673665e+00 -1.588145e-17 -3.166369e-18 -2.380889e+00 -8.987183e-19 1.751844e-19 -2.927761e-01
1.39           -1.677211e-17 -2.937961e-18 -2.670838e+00 -1.587788e-17 -3.116638e-18 -2.378191e+00 -8.942351e-19 1.786764e-19 -2.926469e-01
1.4            -1.676055e-17 -2.890554e-18 -2.672597e+00 -1.587118e-17 -3.072610e-18 -2.380085e+00 -8.893678e-19 1.820562e-19 -2.925126e-01
1.41           -1.675162e-17 -2.867102e-18 -2.662668e+00 -1.586749e-17 -3.052368e-18 -2.370302e+00 -8.841265e-19 1.852653e-19 -2.923660e-01
1.42           -1.673383e-17 -2.864022e-18 -2.656388e+00 -1.585542e-17 -3.052321e-18 -2.364180e+00 -8.784122e-19 1.882986e-19 -2.922083e-01
1.43           -1.672498e-17 -2.851653e-18 -2.659286e+00 -1.585273e-17 -3.042749e-18 -2.367241e+00 -8.722473e-19 1.910962e-19 -2.920446e-01
1.44           -1.673116e-17 -2.841318e-18 -2.656283e+00 -1.586536e-17 -3.034902e-18 -2.364412e+00 -8.658039e-19 1.935839e-19 -2.918716e-01
1.45           -1.668998e-17 -2.822980e-18 -2.645191e+00 -1.583073e-17 -3.018740e-18 -2.353507e+00 -8.592507e-19 1.957596e-19 -2.916843e-01
1.46           -1.667537e-17 -2.833472e-18 -2.635096e+00 -1.582275e-17 -3.031064e-18 -2.343613e+00 -8.526200e-19 1.975916e-19 -2.914837e-01
1.47           -1.664807e-17 -2.881694e-18 -2.632345e+00 -1.580232e-17 -3.080834e-18 -2.341072e+00 -8.457526e-19 1.991399e-19 -2.912729e-01
1.48           -1.663727e-17 -2.941738e-18 -2.620365e+00 -1.579846e-17 -3.142107e-18 -2.329318e+00 -8.388051e-19 2.003686e-19 -2.910468e-01
1.49           -1.665576e-17 -2.959438e-18 -2.600683e+00 -1.582371e-17 -3.160672e-18 -2.309881e+00 -8.320437e-19 2.012335e-19 -2.908021e-01
1.5            -1.667298e-17 -2.988323e-18 -2.580389e+00 -1.584740e-17 -3.190118e-18 -2.289851e+00 -8.255738e-19 2.017953e-19 -2.905387e-01
1.51           -1.668255e-17 -3.052414e-18 -2.560277e+00 -1.586316e-17 -3.254528e-18 -2.270020e+00 -8.193911e-19 2.021146e-19 -2.902570e-01
1.52           -1.669317e-17 -3.122509e-18 -2.540030e+00 -1.587967e-17 -3.324731e-18 -2.250073e+00 -8.135025e-19 2.022220e-19 -2.899576e-01
1.53           -1.669354e-17 -3.201933e-18 -2.525073e+00 -1.588560e-17 -3.404105e-18 -2.235429e+00 -8.079363e-19 2.021723e-19 -2.896435e-01
1.54           -1.669241e-17 -3.294570e-18 -2.505437e+00 -1.588971e-17 -3.496562e-18 -2.216125e+00 -8.027000e-19 2.019918e-19 -2.893127e-01
1.55           -1.673819e-17 -3.365299e-18 -2.475686e+00 -1.594041e-17 -3.566981e-18 -2.186726e+00 -7.977839e-19 2.016813e-19 -2.889599e-01
1.56           -1.673448e-17 -3.376050e-18 -2.479940e+00 -1.594114e-17 -3.577471e-18 -2.191335e+00 -7.933332e-19 2.014205e-19 -2.886042e-01
1.57           -1.675523e-17 -3.429640e-18 -2.469526e+00 -1.596611e-17 -3.630770e-18 -2.181288e+00 -7.891250e-19 2.011298e-19 -2.882378e-01
1.58           -1.684325e-17 -3.525031e-18 -2.453174e+00 -1.605814e-17 -3.725852e-18 -2.165316e+00 -7.851121e-19 2.008203e-19 -2.878579e-01
1.59           -1.693747e-17 -3.606947e-18 -2.445531e+00 -1.615609e-17 -3.807471e-18 -2.158061e+00 -7.813790e-19 2.005237e-19 -2.874699e-01
1.6            -1.700391e-17 -3.708581e-18 -2.445426e+00 -1.622596e-17 -3.908877e-18 -2.158348e+00 -7.779470e-19 2.002962e-19 -2.870781e-01
1.61           -1.701689e-17 -3.803077e-18 -2.427610e+00 -1.624199e-17 -4.003236e-18 -2.140938e+00 -7.748961e-19 2.001584e-19 -2.866724e-01
1.62           -1.702128e-17 -3.902390e-18 -2.404941e+00 -1.624905e-17 -4.102512e-18 -2.118691e+00 -7.722276e-19 2.001221e-19 -2.862502e-01
1.63           -1.702334e-17 -3.999473e-18 -2.383373e+00 -1.625340e-17 -4.199671e-18 -2.097561e+00 -7.699468e-19 2.001985e-19 -2.858124e-01
1.64           -1.702013e-17 -4.094367e-18 -2.362521e+00 -1.625207e-17 -4.294761e-18 -2.077162e+00 -7.680550e-19 2.003944e-19 -2.853597e-01
1.65           -1.702233e-17 -4.189393e-18 -2.344317e+00 -1.625577e-17 -4.390097e-18 -2.059424e+00 -7.665551e-19 2.007040e-19 -2.848938e-01
1.66           -1.704733e-17 -4.313779e-18 -2.327426e+00 -1.628189e-17 -4.514888e-18 -2.043010e+00 -7.654379e-19 2.011087e-19 -2.844158e-01
1.67           -1.698194e-17 -4.299096e-18 -2.300487e+00 -1.621714e-17 -4.500773e-18 -2.016567e+00 -7.647994e-19 2.016767e-19 -2.839205e-01
1.68           -1.698700e-17 -4.387549e-18 -2.281171e+00 -1.622242e-17 -4.589900e-18 -1.997757e+00 -7.645790e-19 2.023510e-19 -2.834133e-01
1.69           -1.697819e-17 -4.467214e-18 -2.267270e+00 -1.621339e-17 -4.670354e-18 -1.984372e+00 -7.648051e-19 2.031400e-19 -2.828978e-01
1.7            -1.694995e-17 -4.510874e-18 -2.273374e+00 -1.618446e-17 -4.714973e-18 -1.990988e+00 -7.654838e-19 2.040996e-19 -2.823862e-01
1.71           -1.694591e-17 -4.586369e-18 -2.261258e+00 -1.617935e-17 -4.791530e-18 -1.979388e+00 -7.665608e-19 2.051610e-19 -2.818698e-01
1.72           -1.694686e-17 -4.674149e-18 -2.244924e+00 -1.617878e-17 -4.880488e-18 -1.963576e+00 -7.680896e-19 2.063391e-19 -2.813475e-01
1.73           -1.692672e-17 -4.785242e-18 -2.225128e+00 -1.615662e-17 -4.992898e-18 -1.944310e+00 -7.700976e-19 2.076561e-19 -2.808183e-01
1.74           -1.693072e-17 -4.886169e-18 -2.207682e+00 -1.615820e-17 -5.095273e-18 -1.927397e+00 -7.725210e-19 2.091048e-19 -2.802853e-01
1.75           -1.690975e-17 -4.962675e-18 -2.185298e+00 -1.613430e-17 -5.173400e-18 -1.905550e+00 -7.754487e-19 2.107251e-19 -2.797477e-01
1.76           -1.690074e-17 -5.076887e-18 -2.160649e+00 -1.612197e-17 -5.289387e-18 -1.881444e+00 -7.787705e-19 2.124998e-19 -2.792048e-01
1.77           -1.696138e-17 -5.207984e-18 -2.129566e+00 -1.617896e-17 -5.422381e-18 -1.850911e+00 -7.824162e-19 2.143969e-19 -2.786550e-01
1.78           -1.693696e-17 -5.225272e-18 -2.126078e+00 -1.615045e-17 -5.441834e-18 -1.847962e+00 -7.865104e-19 2.165616e-19 -2.781159e-01
1.79           -1.690391e-17 -5.237178e-18 -2.127183e+00 -1.611298e-17 -5.456177e-18 -1.849592e+00 -7.909291e-19 2.189998e-19 -2.775910e-01
1.8            -1.691118e-17 -5.282734e-18 -2.116044e+00 -1.611560e-17 -5.504411e-18 -1.838969e+00 -7.955846e-19 2.216771e-19 -2.770750e-01
1.81           -1.695075e-17 -5.301824e-18 -2.102004e+00 -1.615026e-17 -5.526445e-18 -1.825438e+00 -8.004965e-19 2.246219e-19 -2.765667e-01
1.82           -1.698181e-17 -5.382467e-18 -2.075227e+00 -1.617618e-17 -5.610306e-18 -1.799167e+00 -8.056302e-19 2.278390e-19 -2.760607e-01
1.83           -1.699335e-17 -5.468689e-18 -2.053305e+00 -1.618235e-17 -5.700070e-18 -1.777744e+00 -8.109983e-19 2.313816e-19 -2.755609e-01
1.84           -1.699649e-17 -5.568891e-18 -2.027996e+00 -1.617993e-17 -5.804145e-18 -1.752929e+00 -8.165644e-19 2.352544e-19 -2.750671e-01
1.85           -1.699912e-17 -5.627080e-18 -2.015415e+00 -1.617683e-17 -5.866572e-18 -1.740827e+00 -8.222919e-19 2.394919e-19 -2.745877e-01
1.86           -1.698748e-17 -5.691710e-18 -2.013781e+00 -1.615939e-17 -5.935803e-18 -1.739652e+00 -8.280913e-19 2.440933e-19 -2.741297e-01
1.87           -1.698345e-17 -5.772581e-18 -2.004648e+00 -1.614959e-17 -6.021586e-18 -1.730957e+00 -8.338671e-19 2.490055e-19 -2.736904e-01
1.88           -1.703058e-17 -5.773548e-18 -1.992776e+00 -1.619099e-17 -6.027756e-18 -1.719506e+00 -8.395883e-19 2.542078e-19 -2.732696e-01
1.89           -1.700607e-17 -5.954981e-18 -1.962820e+00 -1.616079e-17 -6.214717e-18 -1.689962e+00 -8.452840e-19 2.597358e-19 -2.728583e-01
1.9            -1.701724e-17 -6.047428e-18 -1.940205e+00 -1.616624e-17 -6.312974e-18 -1.667742e+00 -8.510011e-19 2.655468e-19 -2.724629e-01
1.91           -1.699144e-17 -5.952710e-18 -1.997360e+00 -1.613488e-17 -6.224471e-18 -1.725235e+00 -8.565602e-19 2.717604e-19 -2.721258e-01
1.92           -1.703782e-17 -6.001445e-18 -1.973630e+00 -1.617610e-17 -6.279511e-18 -1.701825e+00 -8.617161e-19 2.780662e-19 -2.718050e-01
1.93           -1.703665e-17 -6.041516e-18 -1.965063e+00 -1.616982e-17 -6.326096e-18 -1.693553e+00 -8.668335e-19 2.845803e-19 -2.715093e-01
1.94           -1.705829e-17 -6.103523e-18 -1.947844e+00 -1.618642e-17 -6.394751e-18 -1.676608e+00 -8.718640e-19 2.912277e-19 -2.712360e-01
1.95           -1.707179e-17 -6.155555e-18 -1.935269e+00 -1.619492e-17 -6.453565e-18 -1.664280e+00 -8.768665e-19 2.980094e-19 -2.709894e-01
1.96           -1.716105e-17 -6.261614e-18 -1.918537e+00 -1.627933e-17 -6.566524e-18 -1.647771e+00 -8.817273e-19 3.049101e-19 -2.707666e-01
1.97           -1.708055e-17 -6.317376e-18 -1.898766e+00 -1.619369e-17 -6.629254e-18 -1.628192e+00 -8.868582e-19 3.118782e-19 -2.705733e-01
1.98           -1.706778e-17 -6.361145e-18 -1.885655e+00 -1.617586e-17 -6.680025e-18 -1.615244e+00 -8.919115e-19 3.188798e-19 -2.704114e-01
1.99           -1.709430e-17 -6.378397e-18 -1.867045e+00 -1.619747e-17 -6.704321e-18 -1.596766e+00 -8.968251e-19 3.259242e-19 -2.702784e-01
2              -1.708976e-17 -6.365231e-18 -1.848776e+00 -1.618807e-17 -6.698281e-18 -1.578601e+00 -9.016969e-19 3.330493e-19 -2.701745e-01
2.01           -1.708178e-17 -6.390938e-18 -1.833972e+00 -1.617520e-17 -6.731184e-18 -1.563870e+00 -9.065864e-19 3.402454e-19 -2.701024e-01
2.02           -1.707089e-17 -6.415643e-18 -1.821274e+00 -1.615940e-17 -6.763140e-18 -1.551210e+00 -9.114849e-19 3.474967e-19 -2.700644e-01
2.03           -1.706245e-17 -6.413859e-18 -1.814463e+00 -1.614621e-17 -6.768668e-18 -1.544399e+00 -9.162377e-19 3.548093e-19 -2.700646e-01
2.04           -1.707063e-17 -6.380275e-18 -1.808278e+00 -1.614993e-17 -6.742427e-18 -1.538173e+00 -9.207006e-19 3.621521e-19 -2.701046e-01
2.05           -1.703547e-17 -6.390041e-18 -1.790125e+00 -1.611006e-17 -6.759503e-18 -1.519944e+00 -9.254128e-19 3.694612e-19 -2.701808e-01
2.06           -1.703294e-17 -6.409538e-18 -1.788689e+00 -1.610310e-17 -6.786381e-18 -1.518408e+00 -9.298435e-19 3.768428e-19 -2.702815e-01
2.07           -1.698650e-17 -6.493520e-18 -1.795088e+00 -1.605221e-17 -6.877880e-18 -1.524685e+00 -9.342877e-19 3.843603e-19 -2.704024e-01
2.08           -1.692657e-17 -6.564482e-18 -1.803277e+00 -1.598782e-17 -6.956525e-18 -1.532739e+00 -9.387528e-19 3.920426e-19 -2.705385e-01
2.09           -1.692427e-17 -6.603832e-18 -1.808391e+00 -1.598163e-17 -7.003660e-18 -1.537715e+00 -9.426344e-19 3.998283e-19 -2.706758e-01
2.1            -1.686140e-17 -6.568761e-18 -1.811041e+00 -1.591511e-17 -6.976390e-18 -1.540201e+00 -9.462960e-19 4.076284e-19 -2.708396e-01
2.11           -1.679851e-17 -6.516839e-18 -1.815079e+00 -1.584875e-17 -6.932273e-18 -1.544047e+00 -9.497544e-19 4.154347e-19 -2.710316e-01
2.12           -1.673051e-17 -6.458489e-18 -1.820501e+00 -1.577754e-17 -6.881708e-18 -1.549249e+00 -9.529688e-19 4.232186e-19 -2.712521e-01
2.13           -1.665409e-17 -6.393226e-18 -1.826867e+00 -1.569817e-17 -6.824179e-18 -1.555366e+00 -9.559114e-19 4.309535e-19 -2.715012e-01
2.14           -1.657556e-17 -6.314009e-18 -1.833656e+00 -1.561702e-17 -6.752614e-18 -1.561878e+00 -9.585428e-19 4.386050e-19 -2.717782e-01
2.15           -1.650667e-17 -6.200313e-18 -1.839749e+00 -1.554588e-17 -6.646438e-18 -1.567668e+00 -9.607927e-19 4.461249e-19 -2.720808e-01
2.16           -1.641974e-17 -6.100468e-18 -1.848244e+00 -1.545710e-17 -6.553946e-18 -1.575835e+00 -9.626391e-19 4.534777e-19 -2.724082e-01
2.17           -1.632537e-17 -6.006482e-18 -1.858952e+00 -1.536128e-17 -6.467117e-18 -1.586193e+00 -9.640912e-19 4.606347e-19 -2.727595e-01
2.18           -1.622301e-17 -5.909963e-18 -1.870616e+00 -1.525786e-17 -6.377523e-18 -1.597483e+00 -9.651513e-19 4.675595e-19 -2.731329e-01
2.19           -1.615006e-17 -5.781585e-18 -1.880536e+00 -1.518437e-17 -6.255772e-18 -1.607011e+00 -9.656961e-19 4.741872e-19 -2.735243e-01
2.2            -1.603519e-17 -5.694356e-18 -1.893843e+00 -1.506933e-17 -6.174870e-18 -1.619909e+00 -9.658643e-19 4.805135e-19 -2.739341e-01
2.21           -1.591610e-17 -5.600428e-18 -1.905415e+00 -1.495044e-17 -6.086925e-18 -1.631056e+00 -9.656518e-19 4.864974e-19 -2.743591e-01
2.22           -1.580626e-17 -5.523462e-18 -1.912412e+00 -1.484122e-17 -6.015547e-18 -1.637618e+00 -9.650421e-19 4.920857e-19 -2.747946e-01
2.23           -1.563491e-17 -5.332653e-18 -1.946549e+00 -1.467069e-17 -5.830017e-18 -1.671296e+00 -9.642183e-19 4.973642e-19 -2.752536e-01
2.24           -1.551048e-17 -5.226562e-18 -1.959824e+00 -1.454752e-17 -5.728746e-18 -1.684103e+00 -9.629659e-19 5.021846e-19 -2.757215e-01
2.25           -1.538702e-17 -5.107907e-18 -1.974302e+00 -1.442563e-17 -5.614451e-18 -1.698106e+00 -9.613907e-19 5.065434e-19 -2.761959e-01
2.26           -1.525000e-17 -4.969311e-18 -1.998038e+00 -1.429047e-17 -5.479770e-18 -1.721360e+00 -9.595229e-19 5.104590e-19 -2.766778e-01
2.27           -1.511521e-17 -4.842199e-18 -2.017591e+00 -1.415786e-17 -5.356098e-18 -1.740431e+00 -9.573500e-19 5.138993e-19 -2.771607e-01
2.28           -1.498382e-17 -4.722424e-18 -2.033124e+00 -1.402893e-17 -5.239266e-18 -1.755485e+00 -9.548927e-19 5.168411e-19 -2.776386e-01
2.29           -1.482870e-17 -4.581455e-18 -2.052368e+00 -1.387650e-17 -5.100769e-18 -1.774257e+00 -9.522069e-19 5.193142e-19 -2.781106e-01
2.3            -1.464307e-17 -4.407720e-18 -2.082492e+00 -1.369372e-17 -4.929106e-18 -1.803912e+00 -9.493539e-19 5.213851e-19 -2.785802e-01
2.31           -1.451237e-17 -4.284120e-18 -2.106664e+00 -1.356610e-17 -4.807116e-18 -1.827622e+00 -9.462713e-19 5.229959e-19 -2.790419e-01
2.32           -1.436795e-17 -4.150056e-18 -2.123191e+00 -1.342496e-17 -4.674201e-18 -1.843702e+00 -9.429845e-19 5.241453e-19 -2.794891e-01
2.33           -1.418962e-17 -3.987604e-18 -2.144544e+00 -1.325008e-17 -4.512488e-18 -1.864621e+00 -9.395446e-19 5.248842e-19 -2.799231e-01
2.34           -1.399674e-17 -3.807198e-18 -2.178897e+00 -1.306080e-17 -4.332455e-18 -1.898547e+00 -9.359432e-19 5.252574e-19 -2.803499e-01
2.35           -1.386454e-17 -3.678710e-18 -2.211392e+00 -1.293245e-17 -4.203906e-18 -1.930625e+00 -9.320872e-19 5.251960e-19 -2.807675e-01
2.36           -1.377489e-17 -3.610552e-18 -2.215548e+00 -1.284693e-17 -4.135190e-18 -1.934389e+00 -9.279661e-19 5.246386e-19 -2.811594e-01
2.37           -1.379470e-17 -3.645449e-18 -2.195738e+00 -1.287111e-17 -4.169004e-18 -1.914227e+00 -9.235867e-19 5.235542e-19 -2.815109e-01
2.38           -1.371809e-17 -3.594056e-18 -2.189852e+00 -1.279901e-17 -4.116101e-18 -1.908021e+00 -9.190828e-19 5.220450e-19 -2.818302e-01
2.39           -1.367808e-17 -3.578033e-18 -2.195696e+00 -1.276374e-17 -4.098180e-18 -1.913572e+00 -9.143325e-19 5.201477e-19 -2.821239e-01
2.4            -1.349948e-17 -3.442863e-18 -2.188908e+00 -1.259004e-17 -3.960796e-18 -1.906522e+00 -9.094391e-19 5.179332e-19 -2.823854e-01
2.41           -1.333495e-17 -3.344418e-18 -2.169849e+00 -1.243066e-17 -3.859810e-18 -1.887241e+00 -9.042878e-19 5.153923e-19 -2.826072e-01
2.42           -1.330088e-17 -3.351718e-18 -2.152051e+00 -1.240211e-17 -3.864132e-18 -1.869260e+00 -8.987710e-19 5.124148e-19 -2.827907e-01
2.43           -1.315875e-17 -3.259945e-18 -2.156763e+00 -1.226567e-17 -3.769061e-18 -1.873813e+00 -8.930807e-19 5.091164e-19 -2.829497e-01
2.44           -1.300565e-17 -3.235771e-18 -2.163142e+00 -1.211878e-17 -3.741260e-18 -1.880060e+00 -8.868695e-19 5.054886e-19 -2.830818e-01
2.45           -1.288943e-17 -3.171308e-18 -2.162302e+00 -1.200916e-17 -3.672810e-18 -1.879118e+00 -8.802673e-19 5.015027e-19 -2.831841e-01
2.46           -1.279407e-17 -3.127510e-18 -2.156879e+00 -1.192071e-17 -3.624657e-18 -1.873625e+00 -8.733635e-19 4.971471e-19 -2.832539e-01
2.47           -1.270187e-17 -3.091171e-18 -2.149921e+00 -1.183567e-17 -3.583605e-18 -1.866630e+00 -8.661935e-19 4.924349e-19 -2.832907e-01
2.48           -1.265505e-17 -3.104926e-18 -2.134358e+00 -1.179629e-17 -3.592211e-18 -1.851068e+00 -8.587592e-19 4.872840e-19 -2.832902e-01
2.49           -1.245166e-17 -2.953636e-18 -2.160191e+00 -1.160032e-17 -3.435518e-18 -1.876913e+00 -8.513461e-19 4.818819e-19 -2.832772e-01
2.5            -1.228013e-17 -2.896015e-18 -2.180552e+00 -1.143673e-17 -3.372166e-18 -1.897304e+00 -8.434081e-19 4.761515e-19 -2.832475e-01
2.51           -1.223128e-17 -2.836914e-18 -2.154496e+00 -1.139587e-17 -3.306819e-18 -1.871316e+00 -8.354037e-19 4.699051e-19 -2.831796e-01
2.52           -1.203398e-17 -2.752707e-18 -2.150267e+00 -1.120649e-17 -3.216070e-18 -1.867180e+00 -8.274959e-19 4.633629e-19 -2.830868e-01
2.53           -1.194047e-17 -2.761453e-18 -2.153677e+00 -1.112097e-17 -3.217919e-18 -1.870704e+00 -8.194953e-19 4.564657e-19 -2.829729e-01
2.54           -1.185159e-17 -2.784494e-18 -2.145780e+00 -1.104013e-17 -3.233685e-18 -1.862947e+00 -8.114638e-19 4.491910e-19 -2.828331e-01
2.55           -1.178535e-17 -2.661310e-18 -2.142744e+00 -1.098194e-17 -3.102865e-18 -1.860073e+00 -8.034064e-19 4.415553e-19 -2.826716e-01
2.56           -1.167927e-17 -2.687234e-18 -2.134794e+00 -1.088401e-17 -3.120796e-18 -1.852307e+00 -7.952612e-19 4.335626e-19 -2.824869e-01
2.57           -1.151404e-17 -2.642464e-18 -2.138945e+00 -1.072681e-17 -3.067772e-18 -1.856658e+00 -7.872304e-19 4.253079e-19 -2.822871e-01
2.58           -1.140721e-17 -2.648398e-18 -2.134699e+00 -1.062799e-17 -3.065156e-18 -1.852631e+00 -7.792281e-19 4.167585e-19 -2.820680e-01
2.59           -1.135988e-17 -2.886939e-18 -2.083206e+00 -1.058858e-17 -3.294809e-18 -1.801401e+00 -7.713007e-19 4.078700e-19 -2.818048e-01
2.6            -1.136697e-17 -2.937588e-18 -2.106984e+00 -1.060339e-17 -3.336473e-18 -1.825446e+00 -7.635726e-19 3.988854e-19 -2.815375e-01
2.61           -1.127752e-17 -2.965189e-18 -2.097509e+00 -1.052154e-17 -3.354886e-18 -1.816257e+00 -7.559722e-19 3.896971e-19 -2.812512e-01
2.62           -1.129079e-17 -3.005287e-18 -2.102008e+00 -1.054241e-17 -3.385710e-18 -1.821054e+00 -7.483812e-19 3.804233e-19 -2.809539e-01
2.63           -1.134312e-17 -3.151817e-18 -2.064850e+00 -1.060189e-17 -3.522783e-18 -1.784226e+00 -7.412266e-19 3.709657e-19 -2.806238e-01
2.64           -1.139047e-17 -3.264970e-18 -2.048105e+00 -1.065610e-17 -3.626402e-18 -1.767832e+00 -7.343714e-19 3.614323e-19 -2.802724e-01
2.65           -1.134356e-17 -3.339097e-18 -2.019376e+00 -1.061555e-17 -3.690975e-18 -1.739481e+00 -7.280084e-19 3.518786e-19 -2.798947e-01
2.66           -1.128128e-17 -3.353587e-18 -2.012678e+00 -1.055939e-17 -3.696094e-18 -1.733175e+00 -7.218941e-19 3.425064e-19 -2.795029e-01
2.67           -1.129707e-17 -3.468694e-18 -1.995305e+00 -1.058113e-17 -3.801885e-18 -1.716212e+00 -7.159326e-19 3.331911e-19 -2.790925e-01
2.68           -1.140039e-17 -3.649651e-18 -1.957516e+00 -1.069029e-17 -3.973553e-18 -1.678865e+00 -7.101022e-19 3.239012e-19 -2.786519e-01
2.69           -1.137978e-17 -3.708317e-18 -1.938362e+00 -1.067525e-17 -4.023071e-18 -1.660168e+00 -7.045319e-19 3.147537e-19 -2.781936e-01
2.7            -1.133752e-17 -3.744055e-18 -1.927321e+00 -1.063837e-17 -4.049822e-18 -1.649598e+00 -6.991454e-19 3.057679e-19 -2.777227e-01
2.71           -1.130013e-17 -3.803497e-18 -1.909622e+00 -1.060621e-17 -4.100430e-18 -1.632385e+00 -6.939189e-19 2.969328e-19 -2.772372e-01
2.72           -1.128613e-17 -3.884390e-18 -1.887965e+00 -1.059739e-17 -4.172652e-18 -1.611230e+00 -6.887448e-19 2.882611e-19 -2.767349e-01
2.73           -1.128632e-17 -3.957808e-18 -1.864144e+00 -1.060267e-17 -4.237618e-18 -1.587930e+00 -6.836473e-19 2.798099e-19 -2.762140e-01
2.74           -1.128158e-17 -4.032619e-18 -1.846719e+00 -1.060286e-17 -4.304206e-18 -1.571039e+00 -6.787247e-19 2.715872e-19 -2.756805e-01
2.75           -1.120744e-17 -3.944236e-18 -1.853131e+00 -1.053336e-17 -4.207978e-18 -1.577982e+00 -6.740807e-19 2.637424e-19 -2.751493e-01
2.76           -1.115975e-17 -3.973515e-18 -1.844282e+00 -1.049025e-17 -4.229708e-18 -1.569668e+00 -6.695054e-19 2.561932e-19 -2.746139e-01
2.77           -1.115224e-17 -4.045645e-18 -1.830261e+00 -1.048715e-17 -4.294571e-18 -1.556190e+00 -6.650829e-19 2.489260e-19 -2.740717e-01
2.78           -1.114004e-17 -4.108432e-18 -1.817729e+00 -1.047920e-17 -4.350393e-18 -1.544205e+00 -6.608397e-19 2.419610e-19 -2.735237e-01
2.79           -1.112908e-17 -4.166587e-18 -1.806777e+00 -1.047231e-17 -4.401894e-18 -1.533806e+00 -6.567697e-19 2.353066e-19 -2.729708e-01
2.8            -1.113960e-17 -4.240863e-18 -1.794614e+00 -1.048675e-17 -4.469824e-18 -1.522202e+00 -6.528507e-19 2.289606e-19 -2.724122e-01
2.81           -1.114677e-17 -4.298870e-18 -1.786248e+00 -1.049764e-17 -4.521814e-18 -1.514398e+00 -6.491240e-19 2.229443e-19 -2.718502e-01
2.82           -1.116118e-17 -4.368919e-18 -1.778583e+00 -1.051563e-17 -4.586175e-18 -1.507298e+00 -6.455489e-19 2.172562e-19 -2.712847e-01
2.83           -1.115573e-17 -4.417257e-18 -1.770128e+00 -1.051349e-17 -4.629180e-18 -1.499412e+00 -6.422364e-19 2.119224e-19 -2.707154e-01
2.84           -1.123246e-17 -4.538281e-18 -1.753230e+00 -1.059346e-17 -4.745172e-18 -1.483096e+00 -6.389990e-19 2.068915e-19 -2.701343e-01
2.85           -1.126377e-17 -4.554675e-18 -1.744269e+00 -1.062784e-17 -4.756853e-18 -1.474715e+00 -6.359296e-19 2.021773e-19 -2.695543e-01
2.86           -1.128389e-17 -4.557558e-18 -1.737887e+00 -1.065086e-17 -4.755289e-18 -1.468901e+00 -6.330276e-19 1.977311e-19 -2.689857e-01
2.87           -1.132805e-17 -4.622277e-18 -1.724223e+00 -1.069777e-17 -4.815872e-18 -1.455802e+00 -6.302731e-19 1.935941e-19 -2.684210e-01
2.88           -1.142114e-17 -4.667876e-18 -1.702866e+00 -1.079356e-17 -4.857577e-18 -1.435001e+00 -6.275848e-19 1.897014e-19 -2.678653e-01
2.89           -1.144227e-17 -4.701319e-18 -1.700812e+00 -1.081718e-17 -4.887475e-18 -1.433495e+00 -6.250931e-19 1.861554e-19 -2.673172e-01
2.9            -1.146493e-17 -4.747137e-18 -1.701290e+00 -1.084222e-17 -4.930068e-18 -1.434514e+00 -6.227077e-19 1.829312e-19 -2.667760e-01
2.91           -1.148693e-17 -4.786889e-18 -1.701097e+00 -1.086652e-17 -4.966913e-18 -1.434856e+00 -6.204050e-19 1.800243e-19 -2.662406e-01
2.92           -1.150628e-17 -4.820859e-18 -1.696176e+00 -1.088808e-17 -4.998298e-18 -1.430468e+00 -6.181981e-19 1.774390e-19 -2.657076e-01
2.93           -1.155431e-17 -4.867874e-18 -1.695837e+00 -1.093825e-17 -5.043055e-18 -1.430657e+00 -6.160690e-19 1.751815e-19 -2.651795e-01
2.94           -1.157167e-17 -4.903505e-18 -1.692482e+00 -1.095763e-17 -5.076753e-18 -1.427829e+00 -6.140447e-19 1.732474e-19 -2.646535e-01
2.95           -1.158857e-17 -4.939996e-18 -1.688635e+00 -1.097648e-17 -5.111610e-18 -1.424506e+00 -6.120905e-19 1.716137e-19 -2.641291e-01
2.96           -1.159872e-17 -4.951947e-18 -1.693604e+00 -1.098850e-17 -5.122224e-18 -1.429993e+00 -6.102177e-19 1.702764e-19 -2.636113e-01
2.97           -1.162556e-17 -4.980228e-18 -1.697146e+00 -1.101718e-17 -5.149439e-18 -1.434047e+00 -6.083796e-19 1.692114e-19 -2.630989e-01
2.98           -1.165945e-17 -5.013287e-18 -1.699315e+00 -1.105288e-17 -5.181684e-18 -1.436724e+00 -6.065699e-19 1.683979e-19 -2.625905e-01
2.99           -1.167978e-17 -5.027525e-18 -1.704570e+00 -1.107497e-17 -5.195356e-18 -1.442482e+00 -6.048106e-19 1.678306e-19 -2.620876e-01
3              -1.174775e-17 -5.062962e-18 -1.706269e+00 -1.114466e-17 -5.230508e-18 -1.444682e+00 -6.030895e-19 1.675453e-19 -2.615871e-01
3.01           -1.179165e-17 -5.095301e-18 -1.709596e+00 -1.119022e-17 -5.262776e-18 -1.448506e+00 -6.014305e-19 1.674749e-19 -2.610894e-01
3.02           -1.183720e-17 -5.123914e-18 -1.713839e+00 -1.123740e-17 -5.291509e-18 -1.453244e+00 -5.997997e-19 1.675948e-19 -2.605945e-01
3.03           -1.188551e-17 -5.150334e-18 -1.718268e+00 -1.128732e-17 -5.318223e-18 -1.458166e+00 -5.981932e-19 1.678887e-19 -2.601021e-01
3.04           -1.194183e-17 -5.182482e-18 -1.724937e+00 -1.134523e-17 -5.350817e-18 -1.465325e+00 -5.966001e-19 1.683345e-19 -2.596129e-01
3.05           -1.200241e-17 -5.214113e-18 -1.731523e+00 -1.140740e-17 -5.383033e-18 -1.472397e+00 -5.950144e-19 1.689206e-19 -2.591262e-01
3.06           -1.207511e-17 -5.249325e-18 -1.736632e+00 -1.148167e-17 -5.418995e-18 -1.477991e+00 -5.934352e-19 1.696701e-19 -2.586408e-01
3.07           -1.211226e-17 -5.259588e-18 -1.746760e+00 -1.152032e-17 -5.430049e-18 -1.488600e+00 -5.919349e-19 1.704615e-19 -2.581599e-01
3.08           -1.215507e-17 -5.268640e-18 -1.754723e+00 -1.156462e-17 -5.439872e-18 -1.497042e+00 -5.904437e-19 1.712322e-19 -2.576814e-01
3.09           -1.224351e-17 -5.311538e-18 -1.762253e+00 -1.165455e-17 -5.483606e-18 -1.505049e+00 -5.889669e-19 1.720677e-19 -2.572043e-01
3.1            -1.232518e-17 -5.347967e-18 -1.766830e+00 -1.173762e-17 -5.520929e-18 -1.510104e+00 -5.875586e-19 1.729620e-19 -2.567264e-01
3.11           -1.243541e-17 -5.407254e-18 -1.769983e+00 -1.184921e-17 -5.581147e-18 -1.513736e+00 -5.862023e-19 1.738929e-19 -2.562466e-01
3.12           -1.247449e-17 -5.382253e-18 -1.785408e+00 -1.188947e-17 -5.557168e-18 -1.529636e+00 -5.850213e-19 1.749150e-19 -2.557719e-01
3.13           -1.254602e-17 -5.396812e-18 -1.794706e+00 -1.196210e-17 -5.572788e-18 -1.539407e+00 -5.839149e-19 1.759759e-19 -2.552984e-01
3.14           -1.265266e-17 -5.440391e-18 -1.798433e+00 -1.206977e-17 -5.617437e-18 -1.543611e+00 -5.828901e-19 1.770460e-19 -2.548226e-01
3.15           -1.276825e-17 -5.486786e-18 -1.801710e+00 -1.218627e-17 -5.664905e-18 -1.547366e+00 -5.819796e-19 1.781189e-19 -2.543441e-01
3.16           -1.288734e-17 -5.529137e-18 -1.805344e+00 -1.230615e-17 -5.708320e-18 -1.551481e+00 -5.811979e-19 1.791832e-19 -2.538628e-01
3.17           -1.300834e-17 -5.561829e-18 -1.809691e+00 -1.242778e-17 -5.742049e-18 -1.556313e+00 -5.805618e-19 1.802205e-19 -2.533780e-01
3.18           -1.312765e-17 -5.574618e-18 -1.814251e+00 -1.254752e-17 -5.755815e-18 -1.561363e+00 -5.801262e-19 1.811967e-19 -2.528882e-01
3.19           -1.323233e-17 -5.643648e-18 -1.822484e+00 -1.265249e-17 -5.825916e-18 -1.570078e+00 -5.798398e-19 1.822680e-19 -2.524058e-01
3.2            -1.335054e-17 -5.752352e-18 -1.831278e+00 -1.277103e-17 -5.935844e-18 -1.579343e+00 -5.795030e-19 1.834919e-19 -2.519348e-01
3.21           -1.353149e-17 -5.968210e-18 -1.825296e+00 -1.295245e-17 -6.153170e-18 -1.573821e+00 -5.790399e-19 1.849606e-19 -2.514741e-01
3.22           -1.369396e-17 -6.033503e-18 -1.827664e+00 -1.311519e-17 -6.219982e-18 -1.576648e+00 -5.787660e-19 1.864798e-19 -2.510158e-01
3.23           -1.394527e-17 -6.166439e-18 -1.819136e+00 -1.336674e-17 -6.354422e-18 -1.568583e+00 -5.785271e-19 1.879826e-19 -2.505527e-01
3.24           -1.402957e-17 -6.166965e-18 -1.822096e+00 -1.345101e-17 -6.356524e-18 -1.572004e+00 -5.785594e-19 1.895594e-19 -2.500918e-01
3.25           -1.415574e-17 -6.196089e-18 -1.829031e+00 -1.357705e-17 -6.387244e-18 -1.579395e+00 -5.786951e-19 1.911548e-19 -2.496360e-01
3.26           -1.428005e-17 -6.216613e-18 -1.836650e+00 -1.370111e-17 -6.409398e-18 -1.587463e+00 -5.789436e-19 1.927847e-19 -2.491863e-01
3.27           -1.441028e-17 -6.240649e-18 -1.846559e+00 -1.383099e-17 -6.435098e-18 -1.597814e+00 -5.792889e-19 1.944498e-19 -2.487444e-01
3.28           -1.454716e-17 -6.268938e-18 -1.856930e+00 -1.396746e-17 -6.465073e-18 -1.608619e+00 -5.797030e-19 1.961355e-19 -2.483108e-01
3.29           -1.466079e-17 -6.280377e-18 -1.862784e+00 -1.408058e-17 -6.478227e-18 -1.614901e+00 -5.802030e-19 1.978498e-19 -2.478837e-01
3.3            -1.479427e-17 -6.311654e-18 -1.870511e+00 -1.421348e-17 -6.511225e-18 -1.623045e+00 -5.807898e-19 1.995713e-19 -2.474651e-01
3.31           -1.491042e-17 -6.330570e-18 -1.884083e+00 -1.432894e-17 -6.531863e-18 -1.637024e+00 -5.814797e-19 2.012931e-19 -2.470586e-01
3.32           -1.502994e-17 -6.349474e-18 -1.898801e+00 -1.444774e-17 -6.552451e-18 -1.652135e+00 -5.821958e-19 2.029772e-19 -2.466652e-01
3.33           -1.514768e-17 -6.348511e-18 -1.908522e+00 -1.456480e-17 -6.553144e-18 -1.662239e+00 -5.828849e-19 2.046325e-19 -2.462831e-01
3.34           -1.524080e-17 -6.334066e-18 -1.916426e+00 -1.465721e-17 -6.540331e-18 -1.670515e+00 -5.835954e-19 2.062658e-19 -2.459113e-01
3.35           -1.533925e-17 -6.302535e-18 -1.929215e+00 -1.475494e-17 -6.510401e-18 -1.683662e+00 -5.843038e-19 2.078664e-19 -2.455524e-01
3.36           -1.546725e-17 -6.238341e-18 -1.960002e+00 -1.488224e-17 -6.447783e-18 -1.714786e+00 -5.850083e-19 2.094420e-19 -2.452162e-01
3.37           -1.564586e-17 -6.254783e-18 -1.970157e+00 -1.506028e-17 -6.465684e-18 -1.725265e+00 -5.855776e-19 2.109017e-19 -2.448923e-01
3.38           -1.578795e-17 -6.260933e-18 -1.975487e+00 -1.520186e-17 -6.473196e-18 -1.730909e+00 -5.860920e-19 2.122636e-19 -2.445780e-01
3.39           -1.590653e-17 -6.245816e-18 -1.988644e+00 -1.531996e-17 -6.459364e-18 -1.744366e+00 -5.865614e-19 2.135483e-19 -2.442785e-01
3.4            -1.605789e-17 -6.189206e-18 -2.016846e+00 -1.547095e-17 -6.403930e-18 -1.772846e+00 -5.869389e-19 2.147243e-19 -2.440002e-01
3.41           -1.618826e-17 -6.206134e-18 -2.014124e+00 -1.560115e-17 -6.421870e-18 -1.770396e+00 -5.871159e-19 2.157364e-19 -2.437273e-01
3.42           -1.632271e-17 -6.224392e-18 -2.018202e+00 -1.573555e-17 -6.441005e-18 -1.774738e+00 -5.871550e-19 2.166130e-19 -2.434640e-01
3.43           -1.643544e-17 -6.208949e-18 -2.027778e+00 -1.584835e-17 -6.426314e-18 -1.784564e+00 -5.870955e-19 2.173655e-19 -2.432134e-01
3.44           -1.656297e-17 -6.202245e-18 -2.036570e+00 -1.597611e-17 -6.420213e-18 -1.793595e+00 -5.868657e-19 2.179685e-19 -2.429749e-01
3.45           -1.664458e-17 -6.142484e-18 -2.047100e+00 -1.605802e-17 -6.360930e-18 -1.804350e+00 -5.865544e-19 2.184457e-19 -2.427496e-01
3.46           -1.672261e-17 -6.077352e-18 -2.058087e+00 -1.613650e-17 -6.296117e-18 -1.815550e+00 -5.861136e-19 2.187651e-19 -2.425378e-01
3.47           -1.679165e-17 -6.003573e-18 -2.069498e+00 -1.620610e-17 -6.222463e-18 -1.827158e+00 -5.855465e-19 2.188897e-19 -2.423405e-01
3.48           -1.684193e-17 -5.914438e-18 -2.081311e+00 -1.625709e-17 -6.133090e-18 -1.839150e+00 -5.848453e-19 2.186526e-19 -2.421614e-01
3.49           -1.701106e-17 -5.915706e-18 -2.094971e+00 -1.642724e-17 -6.134446e-18 -1.852991e+00 -5.838197e-19 2.187396e-19 -2.419800e-01
3.5            -1.711928e-17 -5.874719e-18 -2.106156e+00 -1.653633e-17 -6.094001e-18 -1.864353e+00 -5.829500e-19 2.192815e-19 -2.418029e-01
3.51           -1.718495e-17 -5.797968e-18 -2.118488e+00 -1.660298e-17 -6.017712e-18 -1.876850e+00 -5.819747e-19 2.197440e-19 -2.416377e-01
3.52           -1.724793e-17 -5.719413e-18 -2.130995e+00 -1.666704e-17 -5.939548e-18 -1.889512e+00 -5.808941e-19 2.201353e-19 -2.414839e-01
3.53           -1.730436e-17 -5.637104e-18 -2.141695e+00 -1.672464e-17 -5.857572e-18 -1.900356e+00 -5.797238e-19 2.204676e-19 -2.413393e-01
3.54           -1.735835e-17 -5.548180e-18 -2.152331e+00 -1.677987e-17 -5.768923e-18 -1.911129e+00 -5.784814e-19 2.207426e-19 -2.412025e-01
3.55           -1.742630e-17 -5.460631e-18 -2.169970e+00 -1.684912e-17 -5.681605e-18 -1.928892e+00 -5.771830e-19 2.209745e-19 -2.410777e-01
3.56           -1.748895e-17 -5.413025e-18 -2.186696e+00 -1.691314e-17 -5.634322e-18 -1.945725e+00 -5.758121e-19 2.212970e-19 -2.409711e-01
3.57           -1.754563e-17 -5.381611e-18 -2.199939e+00 -1.697120e-17 -5.603359e-18 -1.959057e+00 -5.744288e-19 2.217484e-19 -2.408828e-01
3.58           -1.758155e-17 -5.309604e-18 -2.210900e+00 -1.700851e-17 -5.531862e-18 -1.970093e+00 -5.730426e-19 2.222577e-19 -2.408064e-01
3.59           -1.762482e-17 -5.236424e-18 -2.221583e+00 -1.705320e-17 -5.459222e-18 -1.980844e+00 -5.716238e-19 2.227979e-19 -2.407398e-01
3.6            -1.769351e-17 -5.204314e-18 -2.228469e+00 -1.712335e-17 -5.427723e-18 -1.987790e+00 -5.701580e-19 2.234087e-19 -2.406799e-01
3.61           -1.772651e-17 -5.103643e-18 -2.244611e+00 -1.715772e-17 -5.327773e-18 -2.003978e+00 -5.687901e-19 2.241305e-19 -2.406329e-01
3.62           -1.775502e-17 -5.025974e-18 -2.249883e+00 -1.718761e-17 -5.250942e-18 -2.009292e+00 -5.674038e-19 2.249680e-19 -2.405914e-01
3.63           -1.776125e-17 -4.901312e-18 -2.266317e+00 -1.719514e-17 -5.127196e-18 -2.025755e+00 -5.661103e-19 2.258837e-19 -2.405624e-01
3.64           -1.779614e-17 -4.832819e-18 -2.258356e+00 -1.723149e-17 -5.059652e-18 -2.017824e+00 -5.646556e-19 2.268325e-19 -2.405323e-01
3.65           -1.778018e-17 -4.657873e-18 -2.287317e+00 -1.721679e-17 -4.885858e-18 -2.046796e+00 -5.633894e-19 2.279846e-19 -2.405210e-01
3.66           -1.778464e-17 -4.538161e-18 -2.298209e+00 -1.722255e-17 -4.767393e-18 -2.057691e+00 -5.620904e-19 2.292313e-19 -2.405180e-01
3.67           -1.771439e-17 -4.310950e-18 -2.320813e+00 -1.715347e-17 -4.541620e-18 -2.080282e+00 -5.609209e-19 2.306695e-19 -2.405303e-01
3.68           -1.770724e-17 -4.195569e-18 -2.325945e+00 -1.714749e-17 -4.427723e-18 -2.085399e+00 -5.597420e-19 2.321539e-19 -2.405467e-01
3.69           -1.786887e-17 -4.175595e-18 -2.351195e+00 -1.731038e-17 -4.409319e-18 -2.110620e+00 -5.584915e-19 2.337246e-19 -2.405750e-01
3.7            -1.795035e-17 -4.139723e-18 -2.353735e+00 -1.739300e-17 -4.375145e-18 -2.113133e+00 -5.573492e-19 2.354216e-19 -2.406020e-01
3.71           -1.800749e-17 -4.002324e-18 -2.380842e+00 -1.745119e-17 -4.239597e-18 -2.140203e+00 -5.563013e-19 2.372724e-19 -2.406389e-01
3.72           -1.805563e-17 -3.968217e-18 -2.371340e+00 -1.750052e-17 -4.207378e-18 -2.130673e+00 -5.551167e-19 2.391611e-19 -2.406667e-01
3.73           -1.809421e-17 -3.909866e-18 -2.364381e+00 -1.754031e-17 -4.150960e-18 -2.123691e+00 -5.538975e-19 2.410935e-19 -2.406892e-01
3.74           -1.813056e-17 -3.813314e-18 -2.371285e+00 -1.757797e-17 -4.056417e-18 -2.130572e+00 -5.525914e-19 2.431021e-19 -2.407130e-01
3.75           -1.816526e-17 -3.732270e-18 -2.369186e+00 -1.761404e-17 -3.977413e-18 -2.128452e+00 -5.512212e-19 2.451428e-19 -2.407335e-01
3.76           -1.820057e-17 -3.649626e-18 -2.364920e+00 -1.765073e-17 -3.896840e-18 -2.124170e+00 -5.498410e-19 2.472146e-19 -2.407495e-01
3.77           -1.822796e-17 -3.550965e-18 -2.365125e+00 -1.767947e-17 -3.800304e-18 -2.124362e+00 -5.484901e-19 2.493382e-19 -2.407638e-01
3.78           -1.826095e-17 -3.454296e-18 -2.362003e+00 -1.771382e-17 -3.705786e-18 -2.121227e+00 -5.471308e-19 2.514902e-19 -2.407752e-01
3.79           -1.829685e-17 -3.359553e-18 -2.355827e+00 -1.775109e-17 -3.613208e-18 -2.115045e+00 -5.457550e-19 2.536547e-19 -2.407826e-01
3.8            -1.834304e-17 -3.266194e-18 -2.351601e+00 -1.779868e-17 -3.522022e-18 -2.110813e+00 -5.443607e-19 2.558280e-19 -2.407879e-01
3.81           -1.839151e-17 -3.167776e-18 -2.347802e+00 -1.784856e-17 -3.425783e-18 -2.107010e+00 -5.429521e-19 2.580076e-19 -2.407923e-01
3.82           -1.843191e-17 -3.057975e-18 -2.343473e+00 -1.789037e-17 -3.318167e-18 -2.102677e+00 -5.415396e-19 2.601922e-19 -2.407961e-01
3.83           -1.847152e-17 -2.942271e-18 -2.338924e+00 -1.793141e-17 -3.204645e-18 -2.098124e+00 -5.401168e-19 2.623746e-19 -2.408002e-01
3.84           -1.853045e-17 -2.835330e-18 -2.333882e+00 -1.799179e-17 -3.099874e-18 -2.093077e+00 -5.386641e-19 2.645443e-19 -2.408052e-01
3.85           -1.860755e-17 -2.736240e-18 -2.330021e+00 -1.807036e-17 -3.002936e-18 -2.089208e+00 -5.371914e-19 2.666958e-19 -2.408130e-01
3.86           -1.864841e-17 -2.608357e-18 -2.324279e+00 -1.811265e-17 -2.877196e-18 -2.083455e+00 -5.357593e-19 2.688390e-19 -2.408234e-01
3.87           -1.869242e-17 -2.481046e-18 -2.318098e+00 -1.815808e-17 -2.752001e-18 -2.077261e+00 -5.343427e-19 2.709553e-19 -2.408373e-01
3.88           -1.873800e-17 -2.340188e-18 -2.317302e+00 -1.820507e-17 -2.613218e-18 -2.076443e+00 -5.329300e-19 2.730302e-19 -2.408590e-01
3.89           -1.878027e-17 -2.198821e-18 -2.319196e+00 -1.824875e-17 -2.473877e-18 -2.078305e+00 -5.315151e-19 2.750560e-19 -2.408907e-01
3.9            -1.880164e-17 -2.043455e-18 -2.331835e+00 -1.827155e-17 -2.320503e-18 -2.090896e+00 -5.300923e-19 2.770480e-19 -2.409392e-01
3.91           -1.890801e-17 -1.923065e-18 -2.293458e+00 -1.837932e-17 -2.201905e-18 -2.052481e+00 -5.286894e-19 2.788398e-19 -2.409774e-01
3.92           -1.896376e-17 -1.787249e-18 -2.291553e+00 -1.843636e-17 -2.067794e-18 -2.050527e+00 -5.273926e-19 2.805453e-19 -2.410259e-01
3.93           -1.901335e-17 -1.644984e-18 -2.291002e+00 -1.848721e-17 -1.927116e-18 -2.049916e+00 -5.261376e-19 2.821322e-19 -2.410858e-01
3.94           -1.906716e-17 -1.505022e-18 -2.290918e+00 -1.854224e-17 -1.788601e-18 -2.049760e+00 -5.249206e-19 2.835796e-19 -2.411575e-01
3.95           -1.912351e-17 -1.367390e-18 -2.291251e+00 -1.859977e-17 -1.652254e-18 -2.050010e+00 -5.237442e-19 2.848639e-19 -2.412415e-01
3.96           -1.921204e-17 -1.262391e-18 -2.296139e+00 -1.868946e-17 -1.548308e-18 -2.054798e+00 -5.225850e-19 2.859167e-19 -2.413404e-01
3.97           -1.921084e-17 -1.097109e-18 -2.286740e+00 -1.868929e-17 -1.383862e-18 -2.045294e+00 -5.215469e-19 2.867530e-19 -2.414458e-01
3.98           -1.922668e-17 -8.802526e-19 -2.309355e+00 -1.870602e-17 -1.167636e-18 -2.067779e+00 -5.206583e-19 2.873838e-19 -2.415759e-01
3.99           -1.925127e-17 -7.074895e-19 -2.316620e+00 -1.873145e-17 -9.952428e-19 -2.074898e+00 -5.198169e-19 2.877533e-19 -2.417215e-01
4              -1.929569e-17 -5.542315e-19 -2.325086e+00 -1.877666e-17 -8.420749e-19 -2.083203e+00 -5.190293e-19 2.878435e-19 -2.418831e-01
4.01           -1.934185e-17 -3.666360e-19 -2.348451e+00 -1.882351e-17 -6.543031e-19 -2.106382e+00 -5.183394e-19 2.876671e-19 -2.420691e-01
4.02           -1.940239e-17 -2.867325e-19 -2.345759e+00 -1.888474e-17 -5.738485e-19 -2.103495e+00 -5.176508e-19 2.871160e-19 -2.422642e-01
4.03           -1.946987e-17 -2.400598e-19 -2.345089e+00 -1.895278e-17 -5.262174e-19 -2.102621e+00 -5.170857e-19 2.861576e-19 -2.424678e-01
4.04           -1.949691e-17 -1.851478e-19 -2.339131e+00 -1.898016e-17 -4.699063e-19 -2.096456e+00 -5.167473e-19 2.847585e-19 -2.426744e-01
4.05           -1.954361e-17 -7.826101e-20 -2.327140e+00 -1.902711e-17 -3.611692e-19 -2.084261e+00 -5.165021e-19 2.829082e-19 -2.428786e-01
4.06           -1.960849e-17 3.011377e-21 -2.332319e+00 -1.909210e-17 -2.775935e-19 -2.089230e+00 -5.163899e-19 2.806048e-19 -2.430897e-01
4.07           -1.962661e-17 9.546114e-20 -2.358040e+00 -1.911015e-17 -1.824307e-19 -2.114721e+00 -5.164572e-19 2.778918e-19 -2.433186e-01
4.08           -1.972168e-17 1.159827e-19 -2.360880e+00 -1.920510e-17 -1.587046e-19 -2.117328e+00 -5.165866e-19 2.746873e-19 -2.435519e-01
4.09           -1.979060e-17 1.614358e-19 -2.360510e+00 -1.927366e-17 -1.095881e-19 -2.116722e+00 -5.169382e-19 2.710239e-19 -2.437879e-01
4.1            -1.980858e-17 2.227659e-19 -2.384687e+00 -1.929106e-17 -4.418263e-20 -2.140648e+00 -5.175190e-19 2.669486e-19 -2.440396e-01
4.11           -1.990814e-17 2.360501e-19 -2.375523e+00 -1.938992e-17 -2.631806e-20 -2.131234e+00 -5.182149e-19 2.623682e-19 -2.442891e-01
4.12           -1.998551e-17 2.288963e-19 -2.367373e+00 -1.946638e-17 -2.843622e-20 -2.122836e+00 -5.191241e-19 2.573325e-19 -2.445367e-01
4.13           -2.001432e-17 1.971385e-19 -2.359613e+00 -1.949404e-17 -5.475427e-20 -2.114830e+00 -5.202776e-19 2.518928e-19 -2.447831e-01
4.14           -2.008513e-17 1.665152e-19 -2.351616e+00 -1.956346e-17 -7.955956e-20 -2.106588e+00 -5.216719e-19 2.460748e-19 -2.450285e-01
4.15           -2.015991e-17 1.326291e-19 -2.345024e+00 -1.963661e-17 -1.072749e-19 -2.099749e+00 -5.233005e-19 2.399040e-19 -2.452745e-01
4.16           -2.023810e-17 8.307922e-20 -2.337818e+00 -1.971294e-17 -1.503391e-19 -2.092297e+00 -5.251580e-19 2.334183e-19 -2.455214e-01
4.17           -2.031262e-17 2.363375e-20 -2.330149e+00 -1.978537e-17 -2.030295e-19 -2.084379e+00 -5.272513e-19 2.266632e-19 -2.457699e-01
4.18           -2.039005e-17 -4.980340e-20 -2.321876e+00 -1.986048e-17 -2.694855e-19 -2.075855e+00 -5.295728e-19 2.196821e-19 -2.460204e-01
4.19           -2.046755e-17 -1.322875e-19 -2.313307e+00 -1.993542e-17 -3.448098e-19 -2.067034e+00 -5.321237e-19 2.125223e-19 -2.462739e-01
4.2            -2.054540e-17 -2.243185e-19 -2.304329e+00 -2.001050e-17 -4.295483e-19 -2.057799e+00 -5.348999e-19 2.052299e-19 -2.465308e-01
4.21           -2.061362e-17 -3.515528e-19 -2.289949e+00 -2.007568e-17 -5.493965e-19 -2.043161e+00 -5.379418e-19 1.978437e-19 -2.467885e-01
4.22           -2.069729e-17 -4.797094e-19 -2.280070e+00 -2.015608e-17 -6.701142e-19 -2.033020e+00 -5.412083e-19 1.904048e-19 -2.470504e-01
4.23           -2.075432e-17 -6.231041e-19 -2.263453e+00 -2.020957e-17 -8.060665e-19 -2.016140e+00 -5.447431e-19 1.829625e-19 -2.473126e-01
4.24           -2.080997e-17 -7.535396e-19 -2.250488e+00 -2.026146e-17 -9.290995e-19 -2.002910e+00 -5.485112e-19 1.755599e-19 -2.475775e-01
4.25           -2.089765e-17 -9.096069e-19 -2.245990e+00 -2.034514e-17 -1.077826e-18 -1.998140e+00 -5.525074e-19 1.682194e-19 -2.478494e-01
4.26           -2.096194e-17 -1.021590e-18 -2.222750e+00 -2.040541e-17 -1.182579e-18 -1.974629e+00 -5.565328e-19 1.609893e-19 -2.481215e-01
4.27           -2.102463e-17 -1.144621e-18 -2.204301e+00 -2.046384e-17 -1.298558e-18 -1.955906e+00 -5.607855e-19 1.539372e-19 -2.483950e-01
4.28           -2.105220e-17 -1.269825e-18 -2.188457e+00 -2.048687e-17 -1.416912e-18 -1.939788e+00 -5.653283e-19 1.470874e-19 -2.486686e-01
4.29           -2.111782e-17 -1.406846e-18 -2.178808e+00 -2.054778e-17 -1.547247e-18 -1.929863e+00 -5.700381e-19 1.404004e-19 -2.489455e-01
4.3            -2.118047e-17 -1.537668e-18 -2.167589e+00 -2.060552e-17 -1.671564e-18 -1.918365e+00 -5.749471e-19 1.338962e-19 -2.492234e-01
4.31           -2.124492e-17 -1.665895e-18 -2.157440e+00 -2.066485e-17 -1.793490e-18 -1.907938e+00 -5.800728e-19 1.275950e-19 -2.495017e-01
4.32           -2.131294e-17 -1.789301e-18 -2.149317e+00 -2.072751e-17 -1.910798e-18 -1.899537e+00 -5.854210e-19 1.214970e-19 -2.497801e-01
4.33           -2.138992e-17 -1.923463e-18 -2.142544e+00 -2.079897e-17 -2.039066e-18 -1.892487e+00 -5.909536e-19 1.156033e-19 -2.500578e-01
4.34           -2.146898e-17 -2.047830e-18 -2.138464e+00 -2.087230e-17 -2.157755e-18 -1.888129e+00 -5.966858e-19 1.099251e-19 -2.503349e-01
4.35           -2.155354e-17 -2.165975e-18 -2.136927e+00 -2.095093e-17 -2.270441e-18 -1.886315e+00 -6.026169e-19 1.044658e-19 -2.506118e-01
4.36           -2.163899e-17 -2.281379e-18 -2.136185e+00 -2.103024e-17 -2.380608e-18 -1.885298e+00 -6.087531e-19 9.922890e-20 -2.508877e-01
4.37           -2.171509e-17 -2.389130e-18 -2.133328e+00 -2.109997e-17 -2.483350e-18 -1.882168e+00 -6.151158e-19 9.421981e-20 -2.511603e-01
4.38           -2.179577e-17 -2.497076e-18 -2.130544e+00 -2.117405e-17 -2.586516e-18 -1.879115e+00 -6.217163e-19 8.943983e-20 -2.514285e-01
4.39           -2.187911e-17 -2.605311e-18 -2.128296e+00 -2.125054e-17 -2.690205e-18 -1.876604e+00 -6.285733e-19 8.489456e-20 -2.516913e-01
4.4            -2.196404e-17 -2.713668e-18 -2.125327e+00 -2.132834e-17 -2.794256e-18 -1.873379e+00 -6.357017e-19 8.058826e-20 -2.519472e-01
4.41           -2.205077e-17 -2.823668e-18 -2.120279e+00 -2.140766e-17 -2.900193e-18 -1.868085e+00 -6.431130e-19 7.652433e-20 -2.521942e-01
4.42           -2.209724e-17 -2.880192e-18 -2.133839e+00 -2.144627e-17 -2.953030e-18 -1.881397e+00 -6.509743e-19 7.283735e-20 -2.524419e-01
4.43           -2.217747e-17 -2.985396e-18 -2.130416e+00 -2.151833e-17 -3.054840e-18 -1.877736e+00 -6.591397e-19 6.944381e-20 -2.526800e-01
4.44           -2.226130e-17 -3.040146e-18 -2.141138e+00 -2.159361e-17 -3.106541e-18 -1.888223e+00 -6.676911e-19 6.639551e-20 -2.529143e-01
4.45           -2.232382e-17 -3.004016e-18 -2.177282e+00 -2.164714e-17 -3.067782e-18 -1.924125e+00 -6.766769e-19 6.376643e-20 -2.531571e-01
4.46           -2.235376e-17 -2.898036e-18 -2.240728e+00 -2.166760e-17 -2.959719e-18 -1.987304e+00 -6.861622e-19 6.168285e-20 -2.534233e-01
4.47           -2.247319e-17 -3.033672e-18 -2.237816e+00 -2.177746e-17 -3.093639e-18 -1.984137e+00 -6.957264e-19 5.996690e-20 -2.536793e-01
4.48           -2.258845e-17 -3.164257e-18 -2.223987e+00 -2.188294e-17 -3.222907e-18 -1.970068e+00 -7.055077e-19 5.864988e-20 -2.539191e-01
4.49           -2.268632e-17 -3.271071e-18 -2.210681e+00 -2.197079e-17 -3.328849e-18 -1.956538e+00 -7.155258e-19 5.777833e-20 -2.541430e-01
4.5            -2.280576e-17 -3.379241e-18 -2.200404e+00 -2.208003e-17 -3.436628e-18 -1.946052e+00 -7.257340e-19 5.738724e-20 -2.543522e-01
4.51           -2.288531e-17 -3.438849e-18 -2.191316e+00 -2.214919e-17 -3.496386e-18 -1.936769e+00 -7.361249e-19 5.753673e-20 -2.545473e-01
4.52           -2.295241e-17 -3.482762e-18 -2.179605e+00 -2.220575e-17 -3.541003e-18 -1.924879e+00 -7.466537e-19 5.824057e-20 -2.547261e-01
4.53           -2.304513e-17 -3.531836e-18 -2.173614e+00 -2.228785e-17 -3.591349e-18 -1.918722e+00 -7.572776e-19 5.951315e-20 -2.548918e-01
4.54           -2.314405e-17 -3.554033e-18 -2.168791e+00 -2.237616e-17 -3.615449e-18 -1.913747e+00 -7.678868e-19 6.141580e-20 -2.550444e-01
4.55           -2.319473e-17 -3.666729e-18 -2.178325e+00 -2.241609e-17 -3.730639e-18 -1.923134e+00 -7.786409e-19 6.390972e-20 -2.551911e-01
4.56           -2.320935e-17 -3.752440e-18 -2.196562e+00 -2.241990e-17 -3.819388e-18 -1.941227e+00 -7.894471e-19 6.694822e-20 -2.553348e-01
4.57           -2.322198e-17 -3.761531e-18 -2.232362e+00 -2.242191e-17 -3.832115e-18 -1.976880e+00 -8.000665e-19 7.058404e-20 -2.554821e-01
4.58           -2.315089e-17 -3.653612e-18 -2.275672e+00 -2.234026e-17 -3.728473e-18 -2.020035e+00 -8.106350e-19 7.486106e-20 -2.556373e-01
4.59           -2.316607e-17 -3.505601e-18 -2.213581e+00 -2.234485e-17 -3.585016e-18 -1.957838e+00 -8.212217e-19 7.941549e-20 -2.557426e-01
4.6            -2.329068e-17 -3.398876e-18 -2.164225e+00 -2.245882e-17 -3.482983e-18 -1.908428e+00 -8.318652e-19 8.410734e-20 -2.557971e-01
4.61           -2.340928e-17 -3.116988e-18 -2.150610e+00 -2.256635e-17 -3.205763e-18 -1.894809e+00 -8.429263e-19 8.877574e-20 -2.558014e-01
4.62           -2.332569e-17 -3.217950e-18 -2.181180e+00 -2.247265e-17 -3.312099e-18 -1.925370e+00 -8.530408e-19 9.414967e-20 -2.558108e-01
4.63           -2.320628e-17 -3.498128e-18 -2.171521e+00 -2.234338e-17 -3.598581e-18 -1.915672e+00 -8.629029e-19 1.004532e-19 -2.558487e-01
4.64           -2.306554e-17 -4.008880e-18 -2.148793e+00 -2.219289e-17 -4.116919e-18 -1.892847e+00 -8.726507e-19 1.080383e-19 -2.559456e-01
4.65           -2.303283e-17 -4.182779e-18 -2.131999e+00 -2.215056e-17 -4.299174e-18 -1.875935e+00 -8.822742e-19 1.163949e-19 -2.560637e-01
4.66           -2.294753e-17 -4.070333e-18 -2.143015e+00 -2.205559e-17 -4.195617e-18 -1.886818e+00 -8.919451e-19 1.252835e-19 -2.561973e-01
4.67           -2.283235e-17 -4.013178e-18 -2.169164e+00 -2.193087e-17 -4.147778e-18 -1.912814e+00 -9.014780e-19 1.345991e-19 -2.563499e-01
4.68           -2.277221e-17 -3.650545e-18 -2.224163e+00 -2.186143e-17 -3.794864e-18 -1.967628e+00 -9.107768e-19 1.443194e-19 -2.565346e-01
4.69           -2.269177e-17 -3.441458e-18 -2.243602e+00 -2.177157e-17 -3.595808e-18 -1.986868e+00 -9.201984e-19 1.543494e-19 -2.567345e-01
4.7            -2.260795e-17 -3.362709e-18 -2.258165e+00 -2.167831e-17 -3.527476e-18 -2.001223e+00 -9.296374e-19 1.647677e-19 -2.569422e-01
4.71           -2.252925e-17 -3.266497e-18 -2.277223e+00 -2.159023e-17 -3.442032e-18 -2.020063e+00 -9.390203e-19 1.755355e-19 -2.571602e-01
4.72           -2.248921e-17 -3.051080e-18 -2.307101e+00 -2.154104e-17 -3.237840e-18 -2.049713e+00 -9.481663e-19 1.867598e-19 -2.573884e-01
4.73           -2.242089e-17 -2.880066e-18 -2.326062e+00 -2.146372e-17 -3.078517e-18 -2.068438e+00 -9.571673e-19 1.984507e-19 -2.576237e-01
4.74           -2.232508e-17 -2.799397e-18 -2.331107e+00 -2.135889e-17 -3.010073e-18 -2.073246e+00 -9.661865e-19 2.106767e-19 -2.578609e-01
4.75           -2.221587e-17 -2.705843e-18 -2.335546e+00 -2.124074e-17 -2.929217e-18 -2.077447e+00 -9.751263e-19 2.233734e-19 -2.580990e-01
4.76           -2.214997e-17 -2.731072e-18 -2.302136e+00 -2.116598e-17 -2.967708e-18 -2.043820e+00 -9.839823e-19 2.366360e-19 -2.583169e-01
4.77           -2.211636e-17 -2.731351e-18 -2.290124e+00 -2.112370e-17 -2.981656e-18 -2.031597e+00 -9.926582e-19 2.503055e-19 -2.585270e-01
4.78           -2.194174e-17 -2.647022e-18 -2.269463e+00 -2.094047e-17 -2.911507e-18 -2.010740e+00 -1.001265e-18 2.644843e-19 -2.587231e-01
4.79           -2.181298e-17 -2.660451e-18 -2.228639e+00 -2.080346e-17 -2.939553e-18 -1.969746e+00 -1.009529e-18 2.791017e-19 -2.588932e-01
4.8            -2.167444e-17 -2.675340e-18 -2.192310e+00 -2.065688e-17 -2.969553e-18 -1.933269e+00 -1.017563e-18 2.942131e-19 -2.590405e-01
4.81           -2.150159e-17 -2.536304e-18 -2.211445e+00 -2.047632e-17 -2.846236e-18 -1.952251e+00 -1.025265e-18 3.099315e-19 -2.591945e-01
4.82           -2.135045e-17 -2.455847e-18 -2.212688e+00 -2.031809e-17 -2.781979e-18 -1.953343e+00 -1.032359e-18 3.261319e-19 -2.593452e-01
4.83           -2.118675e-17 -2.482620e-18 -2.182528e+00 -2.014785e-17 -2.825375e-18 -1.923053e+00 -1.038898e-18 3.427550e-19 -2.594750e-01
4.84           -2.097668e-17 -2.533339e-18 -2.163353e+00 -1.993171e-17 -2.893141e-18 -1.903763e+00 -1.044973e-18 3.598021e-19 -2.595897e-01
4.85           -2.079174e-17 -2.556265e-18 -2.141650e+00 -1.974135e-17 -2.933507e-18 -1.881962e+00 -1.050391e-18 3.772426e-19 -2.596881e-01
4.86           -2.060260e-17 -2.570743e-18 -2.107284e+00 -1.954759e-17 -2.965831e-18 -1.847520e+00 -1.055007e-18 3.950876e-19 -2.597637e-01
4.87           -2.039410e-17 -2.623720e-18 -2.087951e+00 -1.933515e-17 -3.036946e-18 -1.828129e+00 -1.058944e-18 4.132260e-19 -2.598221e-01
4.88           -2.014439e-17 -2.641467e-18 -2.067250e+00 -1.908228e-17 -3.073006e-18 -1.807383e+00 -1.062107e-18 4.315395e-19 -2.598666e-01
4.89           -1.991392e-17 -2.692213e-18 -2.047526e+00 -1.884965e-17 -3.142079e-18 -1.787625e+00 -1.064274e-18 4.498655e-19 -2.599002e-01
4.9            -1.966056e-17 -2.729224e-18 -2.033277e+00 -1.859504e-17 -3.197344e-18 -1.773357e+00 -1.065516e-18 4.681199e-19 -2.599198e-01
4.91           -1.935881e-17 -2.715814e-18 -2.033787e+00 -1.829297e-17 -3.201997e-18 -1.773854e+00 -1.065845e-18 4.861834e-19 -2.599324e-01
4.92           -1.907708e-17 -2.737681e-18 -2.024628e+00 -1.801195e-17 -3.241537e-18 -1.764697e+00 -1.065123e-18 5.038561e-19 -2.599307e-01
4.93           -1.874364e-17 -2.699845e-18 -2.033009e+00 -1.768017e-17 -3.220881e-18 -1.773085e+00 -1.063475e-18 5.210359e-19 -2.599234e-01
4.94           -1.847181e-17 -2.743704e-18 -2.020783e+00 -1.741108e-17 -3.281190e-18 -1.760887e+00 -1.060725e-18 5.374863e-19 -2.598968e-01
4.95           -1.813203e-17 -2.738538e-18 -2.011550e+00 -1.707499e-17 -3.291699e-18 -1.751699e+00 -1.057043e-18 5.531617e-19 -2.598505e-01
4.96           -1.786242e-17 -2.779787e-18 -2.002510e+00 -1.681009e-17 -3.347614e-18 -1.742727e+00 -1.052329e-18 5.678279e-19 -2.597828e-01
4.97           -1.765999e-17 -3.097737e-18 -1.923170e+00 -1.661339e-17 -3.678855e-18 -1.663516e+00 -1.046603e-18 5.811178e-19 -2.596535e-01
4.98           -1.737764e-17 -3.108263e-18 -1.906995e+00 -1.633733e-17 -3.701459e-18 -1.647500e+00 -1.040314e-18 5.931961e-19 -2.594945e-01
4.99           -1.713944e-17 -3.031835e-18 -1.897086e+00 -1.610618e-17 -3.635726e-18 -1.637782e+00 -1.033261e-18 6.038900e-19 -2.593039e-01
5              -1.685965e-17 -3.049682e-18 -1.882540e+00 -1.583409e-17 -3.662898e-18 -1.623458e+00 -1.025559e-18 6.132157e-19 -2.590822e-01
