/*--------------------------------*- C++ -*----------------------------------*\
| =========                 |                                                 |
| \\      /  F ield         | OpenFOAM: The Open Source CFD Toolbox           |
|  \\    /   O peration     | Version:  2406                                  |
|   \\  /    A nd           | Website:  www.openfoam.com                      |
|    \\/     M anipulation  |                                                 |
\*---------------------------------------------------------------------------*/
FoamFile
{
    version     2.0;
    format      ascii;
    arch        "LSB;label=32;scalar=64";
    class       faceList;
    location    "constant/polyMesh";
    object      faces;
}
// * * * * * * * * * * * * * * * * * * * * * * * * * * * * * * * * * * * * * //


2820
(
4(401 757 821 465)
4(401 267 623 757)
4(267 465 821 623)
4(3 433 789 9)
4(52 103 789 433)
4(375 731 821 465)
4(375 401 757 731)
4(20 347 703 117)
4(309 20 117 665)
4(309 665 703 347)
4(267 466 822 623)
4(393 749 822 466)
4(393 267 623 749)
4(53 433 789 104)
4(21 118 703 347)
4(165 347 703 521)
4(21 165 521 118)
4(58 109 541 185)
4(59 185 541 110)
4(166 296 652 522)
4(166 522 833 477)
4(296 477 833 652)
4(262 618 761 405)
4(270 405 761 626)
4(262 270 626 618)
4(198 197 553 554)
4(198 554 555 199)
4(197 199 555 553)
4(243 327 683 599)
4(243 599 790 434)
4(327 434 790 683)
4(305 415 771 661)
4(197 553 771 415)
4(197 305 661 553)
4(296 394 750 652)
4(394 398 754 750)
4(296 652 754 398)
4(166 394 750 522)
4(173 398 754 529)
4(394 173 529 750)
4(442 512 868 798)
4(254 442 798 610)
4(254 610 868 512)
4(401 466 822 757)
4(340 696 806 450)
4(340 385 741 696)
4(385 450 806 741)
4(192 453 809 548)
4(193 192 548 549)
4(193 549 809 453)
4(243 455 811 599)
4(327 683 811 455)
4(181 56 107 537)
4(56 439 795 107)
4(181 537 795 439)
4(178 534 796 440)
4(178 352 708 534)
4(352 440 796 708)
4(195 197 553 551)
4(195 551 554 198)
4(259 276 632 615)
4(261 617 632 276)
4(261 259 615 617)
4(247 240 596 603)
4(247 603 638 282)
4(240 282 638 596)
4(386 742 756 400)
4(386 179 535 742)
4(179 400 756 535)
4(330 386 742 686)
4(330 686 756 400)
4(173 330 686 529)
4(330 398 754 686)
4(192 195 551 548)
4(195 453 809 551)
4(173 386 742 529)
4(428 496 852 784)
4(187 428 784 543)
4(187 543 852 496)
4(375 167 523 731)
4(375 731 859 503)
4(167 503 859 523)
4(276 632 635 279)
4(259 279 635 615)
4(200 199 555 556)
4(199 201 557 555)
4(200 556 557 201)
4(303 415 771 659)
4(305 303 659 661)
4(371 727 864 508)
4(436 508 864 792)
4(371 436 792 727)
4(276 632 688 332)
4(279 332 688 635)
4(252 514 870 608)
4(265 252 608 621)
4(265 621 870 514)
4(20 117 842 486)
4(309 486 842 665)
4(283 384 740 639)
4(382 738 740 384)
4(382 283 639 738)
4(339 507 863 695)
4(408 764 863 507)
4(408 339 695 764)
4(72 484 840 139)
4(71 140 840 484)
4(445 510 866 801)
4(268 624 866 510)
4(268 445 801 624)
4(164 346 702 520)
4(164 520 767 411)
4(346 411 767 702)
4(59 172 528 110)
4(172 364 720 528)
4(59 110 720 364)
4(293 445 801 649)
4(445 515 871 801)
4(293 649 871 515)
4(198 554 556 200)
4(375 382 738 731)
4(167 523 738 382)
4(350 706 707 351)
4(350 170 526 706)
4(170 351 707 526)
4(384 740 808 452)
4(283 452 808 639)
4(240 230 586 596)
4(230 284 640 586)
4(240 596 640 284)
4(365 721 796 440)
4(365 178 534 721)
4(379 328 684 735)
4(379 735 769 413)
4(328 413 769 684)
4(188 448 804 544)
4(448 471 827 804)
4(188 544 827 471)
4(374 730 859 503)
4(374 375 731 730)
4(333 319 675 689)
4(333 689 702 346)
4(319 346 702 675)
4(388 271 627 744)
4(388 744 745 389)
4(271 389 745 627)
4(259 203 559 615)
4(203 287 643 559)
4(259 615 643 287)
4(279 635 653 297)
4(288 297 653 644)
4(279 288 644 635)
4(201 557 590 234)
4(199 234 590 555)
4(281 637 761 405)
4(281 262 618 637)
4(332 334 690 688)
4(276 632 690 334)
4(195 196 552 551)
4(196 197 553 552)
4(351 352 708 707)
4(350 706 708 352)
4(299 234 590 655)
4(234 301 657 590)
4(299 655 657 301)
4(359 294 650 715)
4(294 454 810 650)
4(359 715 810 454)
4(234 590 747 391)
4(299 391 747 655)
4(205 561 615 259)
4(205 203 559 561)
4(297 517 873 653)
4(343 297 653 699)
4(343 699 873 517)
4(333 367 723 689)
4(319 675 723 367)
4(304 428 784 660)
4(302 658 784 428)
4(302 304 660 658)
4(403 759 790 434)
4(403 243 599 759)
4(388 483 839 744)
4(271 627 839 483)
4(168 524 824 468)
4(168 191 547 524)
4(191 468 824 547)
4(304 496 852 660)
4(380 736 790 434)
4(380 403 759 736)
4(282 638 806 450)
4(282 340 696 638)
4(337 456 812 693)
4(363 337 693 719)
4(363 719 812 456)
4(18 170 526 115)
4(18 115 706 350)
4(328 684 790 434)
4(379 434 790 735)
4(327 328 684 683)
4(46 346 702 97)
4(164 46 97 520)
4(341 294 650 697)
4(341 697 715 359)
4(41 92 740 384)
4(42 384 740 93)
4(185 359 715 541)
4(359 418 774 715)
4(185 541 774 418)
4(56 107 830 474)
4(181 474 830 537)
4(307 302 658 663)
4(307 663 784 428)
4(376 379 735 732)
4(376 732 769 413)
4(164 520 807 451)
4(411 451 807 767)
4(300 656 664 308)
4(307 308 664 663)
4(300 307 663 656)
4(191 193 549 547)
4(193 421 777 549)
4(191 547 777 421)
4(281 637 769 413)
4(405 413 769 761)
4(347 405 761 703)
4(270 347 703 626)
4(57 449 805 108)
4(182 57 108 538)
4(182 538 805 449)
4(338 383 739 694)
4(338 694 766 410)
4(383 410 766 739)
4(276 277 633 632)
4(261 617 633 277)
4(241 240 596 597)
4(241 597 603 247)
4(297 332 688 653)
4(188 484 840 544)
4(448 804 840 484)
4(244 209 565 600)
4(209 482 838 565)
4(244 600 838 482)
4(326 193 549 682)
4(326 682 776 420)
4(193 420 776 549)
4(328 281 637 684)
4(337 383 739 693)
4(338 337 693 694)
4(190 171 527 546)
4(171 192 548 527)
4(190 546 548 192)
4(374 44 95 730)
4(374 730 836 480)
4(44 480 836 95)
4(205 561 617 261)
4(44 95 859 503)
4(360 512 868 716)
4(442 360 716 798)
4(194 195 551 550)
4(192 194 550 548)
4(414 507 863 770)
4(339 414 770 695)
4(252 445 801 608)
4(445 514 870 801)
4(334 690 867 511)
4(332 511 867 688)
4(60 172 528 111)
4(351 416 772 707)
4(352 708 772 416)
4(252 510 866 608)
4(371 381 737 727)
4(184 371 727 540)
4(184 540 737 381)
4(366 371 727 722)
4(366 722 864 508)
4(301 657 771 415)
4(234 415 771 590)
4(306 464 820 662)
4(196 306 662 552)
4(196 552 820 464)
4(337 475 831 693)
4(383 739 831 475)
4(369 372 728 725)
4(295 651 728 372)
4(295 369 725 651)
4(55 186 542 106)
4(55 106 816 460)
4(186 460 816 542)
4(443 362 718 799)
4(443 799 868 512)
4(362 512 868 718)
4(239 595 596 240)
4(239 230 586 595)
4(165 405 761 521)
4(265 621 697 341)
4(265 294 650 621)
4(191 509 865 547)
4(193 549 865 509)
4(307 427 783 663)
4(426 307 663 782)
4(426 782 783 427)
4(50 171 527 101)
4(50 101 546 190)
4(326 421 777 682)
4(199 555 771 415)
4(310 263 619 666)
4(310 666 847 491)
4(263 491 847 619)
4(178 350 706 534)
4(297 653 654 298)
4(288 298 654 644)
4(176 41 92 532)
4(176 532 740 384)
4(247 603 806 450)
4(230 488 844 586)
4(284 640 844 488)
4(367 168 524 723)
4(367 723 824 468)
4(306 177 533 662)
4(177 464 820 533)
4(212 209 565 568)
4(212 568 600 244)
4(310 326 682 666)
4(263 619 682 326)
4(234 462 818 590)
4(201 557 818 462)
4(277 633 812 456)
4(276 456 812 632)
4(333 168 524 689)
4(349 338 694 705)
4(349 705 766 410)
4(300 656 873 517)
4(308 517 873 664)
4(316 463 819 672)
4(318 316 672 674)
4(318 674 819 463)
4(282 414 770 638)
4(340 696 770 414)
4(332 688 794 438)
4(297 438 794 653)
4(191 519 875 547)
4(509 865 875 519)
4(377 379 735 733)
4(376 377 733 732)
4(51 171 527 102)
4(19 170 526 116)
4(48 99 524 168)
4(49 168 524 100)
4(167 384 740 523)
4(42 167 523 93)
4(293 514 870 649)
4(194 171 527 550)
4(194 550 748 392)
4(171 392 748 527)
4(182 371 727 538)
4(366 182 538 722)
4(60 365 721 111)
4(172 528 721 365)
4(277 337 693 633)
4(292 648 693 337)
4(292 277 633 648)
4(56 186 542 107)
4(264 252 608 620)
4(264 620 621 265)
4(316 402 758 672)
4(402 463 819 758)
4(181 431 787 537)
4(430 786 787 431)
4(430 181 537 786)
4(17 350 706 114)
4(178 17 114 534)
4(289 645 720 364)
4(289 341 697 645)
4(341 364 720 697)
4(438 487 843 794)
4(332 688 843 487)
4(203 462 818 559)
4(287 643 818 462)
4(377 166 522 733)
4(377 733 734 378)
4(166 378 734 522)
4(298 517 873 654)
4(200 420 776 556)
4(198 554 776 420)
4(294 650 714 358)
4(357 358 714 713)
4(294 357 713 650)
4(356 515 871 712)
4(360 716 871 515)
4(360 356 712 716)
4(24 121 733 377)
4(24 166 522 121)
4(168 519 875 524)
4(279 287 643 635)
4(287 288 644 643)
4(233 458 814 589)
4(396 752 814 458)
4(396 233 589 752)
4(470 506 862 826)
4(290 646 862 506)
4(290 470 826 646)
4(48 99 689 333)
4(192 548 865 509)
4(186 542 830 474)
4(194 196 552 550)
4(47 346 702 98)
4(244 600 863 507)
4(244 408 764 600)
4(233 589 822 466)
4(233 393 749 589)
4(396 752 793 437)
4(396 325 681 752)
4(325 437 793 681)
4(358 454 810 714)
4(392 52 103 748)
4(392 748 789 433)
4(55 177 533 106)
4(54 105 533 177)
4(229 585 586 230)
4(214 230 586 570)
4(229 214 570 585)
4(248 510 866 604)
4(252 248 604 608)
4(460 816 820 464)
4(419 464 820 775)
4(460 419 775 816)
4(47 333 689 98)
4(49 100 546 190)
4(22 165 521 119)
4(298 300 656 654)
4(282 638 640 284)
4(382 738 821 465)
4(261 617 768 412)
4(261 291 647 617)
4(291 412 768 647)
4(369 358 714 725)
4(358 372 728 714)
4(49 519 875 100)
4(458 814 822 466)
4(248 247 603 604)
4(247 510 866 603)
4(190 519 875 546)
4(378 379 735 734)
4(319 411 767 675)
4(427 429 785 783)
4(429 493 849 785)
4(427 783 849 493)
4(222 396 752 578)
4(222 578 793 437)
4(379 380 736 735)
4(22 376 732 119)
4(165 521 732 376)
4(306 194 550 662)
4(306 662 748 392)
4(181 366 722 537)
4(366 431 787 722)
4(16 113 534 178)
4(45 96 520 164)
4(197 516 872 553)
4(305 661 872 516)
4(364 470 826 720)
4(289 645 826 470)
4(391 462 818 747)
4(190 546 865 509)
4(0 10 825 469)
4(16 469 825 113)
4(351 707 813 457)
4(170 457 813 526)
4(380 378 734 736)
4(378 472 828 734)
4(380 736 828 472)
4(205 561 768 412)
4(202 201 557 558)
4(201 203 559 557)
4(202 558 559 203)
4(284 414 770 640)
4(200 556 558 202)
4(340 696 705 349)
4(340 338 694 696)
4(263 420 776 619)
4(200 263 619 556)
4(407 459 815 763)
4(180 536 815 459)
4(180 407 763 536)
4(23 120 733 377)
4(406 266 622 762)
4(406 762 839 483)
4(266 483 839 622)
4(376 23 120 732)
4(51 392 748 102)
4(307 467 823 663)
4(308 664 823 467)
4(407 489 845 763)
4(459 815 845 489)
4(378 477 833 734)
4(472 828 833 477)
4(57 439 795 108)
4(424 780 858 502)
4(424 169 525 780)
4(169 502 858 525)
4(286 266 622 642)
4(286 642 762 406)
4(246 267 623 602)
4(246 602 749 393)
4(362 718 800 444)
4(443 444 800 799)
4(58 449 805 109)
4(164 520 836 480)
4(164 373 729 520)
4(373 480 836 729)
4(387 743 744 388)
4(387 174 530 743)
4(174 388 744 530)
4(189 484 840 545)
4(72 189 545 139)
4(403 759 828 472)
4(387 743 745 389)
4(25 166 522 122)
4(228 584 753 397)
4(228 226 582 584)
4(226 397 753 582)
4(169 387 743 525)
4(169 525 745 389)
4(61 112 825 469)
4(28 125 742 386)
4(28 179 535 125)
4(478 515 871 834)
4(356 478 834 712)
4(61 365 721 112)
4(25 394 750 122)
4(173 27 124 529)
4(27 386 742 124)
4(26 123 529 173)
4(169 34 131 525)
4(34 387 743 131)
4(239 595 597 241)
4(172 470 826 528)
4(246 258 614 602)
4(258 267 623 614)
4(33 130 525 169)
4(35 132 743 387)
4(35 174 530 132)
4(31 128 531 175)
4(32 175 531 129)
4(174 36 133 530)
4(36 390 746 133)
4(174 530 746 390)
4(43 167 523 94)
4(29 179 535 126)
4(37 134 746 390)
4(37 180 536 134)
4(180 390 746 536)
4(40 91 532 176)
4(38 180 536 135)
4(348 704 858 502)
4(348 424 780 704)
4(26 123 750 394)
4(207 310 666 563)
4(207 563 847 491)
4(367 501 857 723)
4(319 675 857 501)
4(325 681 814 458)
4(470 440 796 826)
4(440 506 862 796)
4(272 628 630 274)
4(249 274 630 605)
4(272 249 605 628)
4(249 605 753 397)
4(249 228 584 605)
4(185 341 697 541)
4(292 648 694 338)
4(218 223 579 574)
4(218 574 751 395)
4(223 395 751 579)
4(321 318 674 677)
4(321 677 681 325)
4(318 325 681 674)
4(283 266 622 639)
4(283 639 642 286)
4(450 806 866 510)
4(450 268 624 806)
4(275 329 685 631)
4(275 631 704 348)
4(329 348 704 685)
4(329 273 629 685)
4(273 330 686 629)
4(329 685 686 330)
4(273 275 631 629)
4(250 273 629 606)
4(250 606 631 275)
4(225 581 589 233)
4(227 233 589 583)
4(225 227 583 581)
4(230 238 594 586)
4(229 585 594 238)
4(232 588 602 246)
4(232 245 601 588)
4(245 246 602 601)
4(258 266 622 614)
4(258 614 639 283)
4(204 203 559 560)
4(204 560 561 205)
4(272 628 652 296)
4(274 296 652 630)
4(300 302 658 656)
4(257 245 601 613)
4(245 271 627 601)
4(257 613 627 271)
4(214 488 844 570)
4(388 406 762 744)
4(418 774 855 499)
4(359 499 855 715)
4(225 396 752 581)
4(222 225 581 578)
4(218 220 576 574)
4(220 223 579 576)
4(250 272 628 606)
4(272 273 629 628)
4(274 630 753 397)
4(232 588 749 393)
4(257 258 614 613)
4(246 257 613 602)
4(250 249 605 606)
4(232 237 593 588)
4(237 245 601 593)
4(81 336 692 158)
4(80 159 692 336)
4(45 96 836 480)
4(257 266 622 613)
4(188 71 140 544)
4(237 593 605 249)
4(237 228 584 593)
4(228 232 588 584)
4(227 583 588 232)
4(227 228 584 583)
4(237 593 606 250)
4(385 444 800 741)
4(268 385 741 624)
4(268 624 800 444)
4(390 406 762 746)
4(174 530 762 406)
4(227 583 749 393)
4(241 597 604 248)
4(428 784 785 429)
4(187 429 785 543)
4(216 572 751 395)
4(216 218 574 572)
4(76 344 700 163)
4(5 12 700 344)
4(273 398 754 629)
4(272 398 754 628)
4(53 104 832 476)
4(54 476 832 105)
4(250 606 755 399)
4(275 399 755 631)
4(177 533 816 460)
4(19 116 842 486)
4(165 521 769 413)
4(329 685 756 400)
4(289 265 621 645)
4(227 226 582 583)
4(40 407 763 91)
4(39 90 763 407)
4(245 399 755 601)
4(271 627 755 399)
4(324 680 757 401)
4(324 323 679 680)
4(323 401 757 679)
4(324 375 731 680)
4(374 324 680 730)
4(324 373 729 680)
4(322 324 680 678)
4(322 678 729 373)
4(237 399 755 593)
4(270 626 641 285)
4(270 251 607 626)
4(251 285 641 607)
4(474 830 852 496)
4(474 187 543 830)
4(225 226 582 581)
4(216 572 760 404)
4(395 404 760 751)
4(423 779 813 457)
4(423 351 707 779)
4(248 604 620 264)
4(395 402 758 751)
4(402 485 841 758)
4(395 751 841 485)
4(223 402 758 579)
4(86 354 710 153)
4(85 154 710 354)
4(406 762 815 459)
4(390 459 815 746)
4(81 260 616 158)
4(260 336 692 616)
4(224 221 577 580)
4(224 580 599 243)
4(221 243 599 577)
4(238 594 595 239)
4(175 417 773 531)
4(31 128 773 417)
4(373 729 730 374)
4(226 403 759 582)
4(397 753 759 403)
4(74 492 848 137)
4(73 138 848 492)
4(242 598 636 280)
4(262 280 636 618)
4(242 262 618 598)
4(322 323 679 678)
4(6 342 698 15)
4(82 157 698 342)
4(238 594 778 422)
4(239 422 778 595)
4(322 321 677 678)
4(321 323 679 677)
4(33 130 780 424)
4(32 424 780 129)
4(175 531 780 424)
4(225 224 580 581)
4(224 226 582 580)
4(291 277 633 647)
4(291 647 648 292)
4(400 756 773 417)
4(179 417 773 535)
4(172 528 796 440)
4(310 441 797 666)
4(326 682 797 441)
4(343 438 794 699)
4(76 331 687 163)
4(331 344 700 687)
4(175 400 756 531)
4(222 224 580 578)
4(275 631 788 432)
4(348 432 788 704)
4(242 598 765 409)
4(280 409 765 636)
4(281 327 683 637)
4(280 281 637 636)
4(280 636 683 327)
4(373 729 807 451)
4(251 238 594 607)
4(251 607 778 422)
4(286 642 815 459)
4(182 439 795 538)
4(176 407 763 532)
4(222 221 577 578)
4(320 321 677 676)
4(320 676 678 322)
4(320 318 674 676)
4(206 209 565 562)
4(208 564 565 209)
4(208 206 562 564)
4(433 789 832 476)
4(220 221 577 576)
4(220 576 578 222)
4(224 580 759 403)
4(185 449 805 541)
4(313 314 670 669)
4(311 313 669 667)
4(311 667 670 314)
4(196 516 872 552)
4(283 639 821 465)
4(220 219 575 576)
4(219 221 577 575)
4(317 673 674 318)
4(317 316 672 673)
4(315 313 669 671)
4(315 671 672 316)
4(313 316 672 669)
4(218 219 575 574)
4(270 309 665 626)
4(215 214 570 571)
4(215 571 585 229)
4(285 309 665 641)
4(206 412 768 562)
4(209 565 768 412)
4(213 215 571 569)
4(215 216 572 571)
4(213 569 572 216)
4(303 301 657 659)
4(501 468 824 857)
4(501 857 874 518)
4(468 518 874 824)
4(327 435 791 683)
4(280 636 791 435)
4(317 673 676 320)
4(242 251 607 598)
4(251 262 618 607)
4(314 670 671 315)
4(213 214 570 569)
4(315 317 673 671)
4(317 319 675 673)
4(315 671 675 319)
4(43 94 859 503)
4(213 212 568 569)
4(212 214 570 568)
4(397 753 828 472)
4(211 310 666 567)
4(207 211 567 563)
4(242 238 594 598)
4(210 566 568 212)
4(210 209 565 566)
4(360 443 799 716)
4(210 213 569 566)
4(213 404 760 569)
4(210 566 760 404)
4(264 620 645 289)
4(218 217 573 574)
4(217 219 575 573)
4(198 453 809 554)
4(402 505 861 758)
4(485 841 861 505)
4(1 8 835 479)
4(39 479 835 90)
4(38 135 835 479)
4(30 127 773 417)
4(177 533 832 476)
4(306 476 832 662)
4(258 614 821 465)
4(216 217 573 572)
4(349 385 741 705)
4(271 432 788 627)
4(389 745 788 432)
4(427 783 784 428)
4(310 311 667 666)
4(311 441 797 667)
4(2 11 837 481)
4(30 481 837 127)
4(29 126 837 481)
4(294 650 853 497)
4(265 497 853 621)
4(170 526 842 486)
4(185 364 720 541)
4(215 217 573 571)
4(321 677 814 458)
4(62 355 711 149)
4(4 14 711 355)
4(285 641 778 422)
4(176 532 808 452)
4(311 312 668 667)
4(312 313 669 668)
4(322 678 807 451)
4(212 447 803 568)
4(214 570 803 447)
4(339 338 694 695)
4(339 695 696 340)
4(208 564 566 210)
4(6 278 634 15)
4(278 342 698 634)
4(311 211 567 667)
4(211 312 668 567)
4(229 585 598 242)
4(257 613 839 483)
4(64 372 728 147)
4(63 148 728 372)
4(309 665 813 457)
4(285 457 813 641)
4(253 357 713 609)
4(355 253 609 711)
4(355 711 713 357)
4(221 455 811 577)
4(400 513 869 756)
4(329 685 869 513)
4(371 727 774 418)
4(182 418 774 538)
4(78 236 592 161)
4(77 162 592 236)
4(399 432 788 755)
4(229 409 765 585)
4(215 571 765 409)
4(422 423 779 778)
4(285 641 779 423)
4(244 447 803 600)
4(419 305 661 775)
4(305 464 820 661)
4(298 654 655 299)
4(288 299 655 644)
4(325 681 819 463)
4(175 513 869 531)
4(418 449 805 774)
4(385 741 850 494)
4(349 494 850 705)
4(220 576 793 437)
4(288 644 747 391)
4(287 391 747 643)
4(484 840 849 493)
4(189 493 849 545)
4(178 534 825 469)
4(365 469 825 721)
4(420 776 809 453)
4(435 791 811 455)
4(371 370 726 727)
4(370 381 737 726)
4(317 673 767 411)
4(320 411 767 676)
4(217 573 765 409)
4(416 772 817 461)
4(256 461 817 612)
4(416 256 612 772)
4(334 456 812 690)
4(202 558 560 204)
4(284 507 863 640)
4(78 335 691 161)
4(236 592 691 335)
4(409 765 791 435)
4(444 800 850 494)
4(306 662 789 433)
4(241 597 612 256)
4(248 256 612 604)
4(253 358 714 609)
4(77 162 687 331)
4(236 331 687 592)
4(204 560 562 206)
4(205 206 562 561)
4(421 777 797 441)
4(448 804 849 493)
4(362 718 850 494)
4(86 361 717 153)
4(354 710 717 361)
4(79 335 691 160)
4(79 160 587 231)
4(80 231 587 159)
4(207 208 564 563)
4(208 211 567 564)
4(65 146 724 368)
4(66 368 724 145)
4(461 506 862 817)
4(416 772 862 506)
4(457 486 842 813)
4(82 260 616 157)
4(429 430 786 785)
4(429 785 804 448)
4(430 448 804 786)
4(211 425 781 567)
4(312 668 781 425)
4(370 726 774 418)
4(316 672 861 505)
4(313 505 861 669)
4(5 235 591 12)
4(75 136 591 235)
4(369 454 810 725)
4(291 482 838 647)
4(412 768 838 482)
4(207 206 562 563)
4(446 802 860 504)
4(446 256 612 802)
4(256 504 860 612)
4(423 779 802 446)
4(422 446 802 778)
4(299 300 656 655)
4(448 431 787 804)
4(431 471 827 787)
4(231 335 691 587)
4(210 566 781 425)
4(404 425 781 760)
4(236 592 794 438)
4(335 438 794 691)
4(315 671 857 501)
4(314 441 797 670)
4(461 290 646 817)
4(343 236 592 699)
4(223 579 793 437)
4(357 713 834 478)
4(294 478 834 650)
4(363 719 831 475)
4(342 475 831 698)
4(363 342 698 719)
4(291 408 764 647)
4(408 482 838 764)
4(217 435 791 573)
4(219 575 791 435)
4(437 463 819 793)
4(223 579 819 463)
4(204 560 563 207)
4(447 488 844 803)
4(421 468 824 777)
4(423 779 860 504)
4(331 687 699 343)
4(183 539 864 508)
4(183 471 827 539)
4(471 508 864 827)
4(202 263 619 558)
4(286 452 808 642)
4(292 648 695 339)
4(344 490 846 700)
4(467 823 846 490)
4(467 344 700 823)
4(424 513 869 780)
4(320 451 807 676)
4(354 362 718 710)
4(362 473 829 718)
4(354 710 829 473)
4(85 269 625 154)
4(84 155 625 269)
4(89 150 611 255)
4(4 255 611 14)
4(208 564 781 425)
4(87 152 610 254)
4(88 254 610 151)
4(83 278 634 156)
4(426 467 823 782)
4(253 372 728 609)
4(362 361 717 718)
4(361 512 868 717)
4(231 587 692 336)
4(443 799 871 515)
4(289 290 646 645)
4(264 620 646 290)
4(292 408 764 648)
4(255 360 716 611)
4(255 611 798 442)
4(74 137 701 345)
4(75 345 701 136)
4(323 679 814 458)
4(219 575 811 455)
4(323 679 822 466)
4(407 479 835 763)
4(235 591 700 344)
4(84 353 709 155)
4(83 156 709 353)
4(87 361 717 152)
4(89 442 798 150)
4(88 151 798 442)
4(274 630 833 477)
4(274 472 828 630)
4(353 269 625 709)
4(353 709 766 410)
4(269 410 766 625)
4(345 492 848 701)
4(187 430 786 543)
4(68 143 851 495)
4(7 495 851 13)
4(444 800 801 445)
4(443 445 801 799)
4(235 345 701 591)
4(179 535 837 481)
4(368 381 737 724)
4(370 368 724 726)
4(260 616 698 342)
4(180 536 835 479)
4(370 726 855 499)
4(62 253 609 149)
4(73 189 545 138)
4(432 788 858 502)
4(335 487 843 691)
4(239 446 802 595)
4(241 597 802 446)
4(389 502 858 745)
4(269 625 710 354)
4(436 183 539 792)
4(255 356 712 611)
4(189 545 848 492)
4(425 781 841 485)
4(404 485 841 760)
4(312 668 841 485)
4(64 147 651 295)
4(65 295 651 146)
4(63 253 609 148)
4(248 461 817 604)
4(186 542 852 496)
4(300 301 657 656)
4(301 302 658 657)
4(278 475 831 634)
4(70 141 544 188)
4(456 498 854 812)
4(363 719 854 498)
4(70 500 856 141)
4(69 142 856 500)
4(278 634 709 353)
4(254 361 717 610)
4(348 513 869 704)
4(176 489 845 532)
4(417 773 837 481)
4(68 184 540 143)
4(67 144 540 184)
4(302 658 659 303)
4(334 498 854 690)
4(416 504 860 772)
4(303 304 660 659)
4(331 490 846 687)
4(353 383 739 709)
4(278 634 739 383)
4(255 611 711 355)
4(304 305 661 660)
4(304 660 775 419)
4(69 183 539 142)
4(7 13 539 183)
4(343 490 846 699)
4(436 792 851 495)
4(436 184 540 792)
4(184 495 851 540)
4(204 560 847 491)
4(345 701 782 426)
4(235 426 782 591)
4(336 692 854 498)
4(260 498 854 616)
4(260 616 719 363)
4(351 707 860 504)
4(314 670 857 501)
4(264 461 817 620)
4(183 539 851 495)
4(231 487 843 587)
4(492 493 849 848)
4(312 505 861 668)
4(66 145 737 381)
4(67 381 737 144)
4(345 701 783 427)
4(356 355 711 712)
4(356 712 713 357)
4(471 500 856 827)
4(188 544 856 500)
4(186 419 775 542)
4(478 293 649 834)
4(286 489 845 642)
4(452 808 845 489)
4(314 670 874 518)
4(308 664 846 490)
4(295 651 724 368)
4(183 500 856 539)
4(473 829 850 494)
4(336 692 867 511)
4(336 334 690 692)
4(352 506 862 708)
4(427 492 848 783)
4(366 439 795 722)
4(231 587 867 511)
4(235 591 823 467)
4(464 820 872 516)
4(447 803 863 507)
4(419 496 852 775)
4(269 625 829 473)
4(202 558 847 491)
4(410 766 829 473)
4(369 368 724 725)
4(369 725 726 370)
4(447 284 640 803)
4(430 786 830 474)
4(490 846 873 517)
4(421 777 874 518)
4(441 518 874 797)
4(349 705 829 473)
4(487 843 867 511)
4(478 834 853 497)
4(454 810 855 499)
4(369 499 855 725)
4(497 853 870 514)
4(431 787 864 508)
4(293 649 853 497)
3(401 465 267)
3(757 623 821)
3(52 433 3)
3(103 9 789)
3(375 465 401)
3(731 757 821)
3(309 347 20)
3(665 117 703)
3(393 466 267)
3(749 623 822)
3(3 433 53)
3(9 104 789)
3(21 347 165)
3(118 521 703)
3(58 185 59)
3(109 110 541)
3(166 477 296)
3(522 652 833)
3(262 405 270)
3(618 626 761)
3(198 199 197)
3(554 553 555)
3(243 434 327)
3(599 683 790)
3(197 415 305)
3(553 661 771)
3(296 398 394)
3(652 750 754)
3(296 394 166)
3(652 522 750)
3(20 347 21)
3(117 118 703)
3(394 398 173)
3(750 529 754)
3(254 512 442)
3(610 798 868)
3(267 466 401)
3(623 757 822)
3(340 450 385)
3(696 741 806)
3(193 453 192)
3(549 548 809)
3(327 455 243)
3(683 599 811)
3(181 439 56)
3(537 107 795)
3(178 440 352)
3(534 708 796)
3(195 198 197)
3(551 553 554)
3(261 276 259)
3(617 615 632)
3(247 282 240)
3(603 596 638)
3(386 400 179)
3(742 535 756)
3(330 400 386)
3(686 742 756)
3(173 398 330)
3(529 686 754)
3(192 453 195)
3(548 551 809)
3(330 386 173)
3(686 529 742)
3(187 496 428)
3(543 784 852)
3(375 503 167)
3(731 523 859)
3(276 279 259)
3(632 615 635)
3(200 201 199)
3(556 555 557)
3(305 415 303)
3(661 659 771)
3(371 508 436)
3(727 792 864)
3(276 332 279)
3(632 635 688)
3(265 514 252)
3(621 608 870)
3(20 486 309)
3(117 665 842)
3(382 384 283)
3(738 639 740)
3(408 507 339)
3(764 695 863)
3(71 484 72)
3(140 139 840)
3(268 510 445)
3(624 801 866)
3(164 411 346)
3(520 702 767)
3(59 364 172)
3(110 528 720)
3(293 515 445)
3(649 801 871)
3(198 200 199)
3(554 555 556)
3(167 382 375)
3(523 731 738)
3(350 351 170)
3(706 526 707)
3(384 452 283)
3(740 639 808)
3(240 284 230)
3(596 586 640)
3(365 440 178)
3(721 534 796)
3(379 413 328)
3(735 684 769)
3(188 471 448)
3(544 804 827)
3(374 503 375)
3(730 731 859)
3(333 346 319)
3(689 675 702)
3(388 389 271)
3(744 627 745)
3(259 287 203)
3(615 559 643)
3(279 297 288)
3(635 644 653)
3(201 234 199)
3(557 555 590)
3(281 405 262)
3(637 618 761)
3(276 334 332)
3(632 688 690)
3(195 197 196)
3(551 552 553)
3(350 352 351)
3(706 707 708)
3(299 301 234)
3(655 590 657)
3(359 454 294)
3(715 650 810)
3(234 391 299)
3(590 655 747)
3(205 259 203)
3(561 559 615)
3(343 517 297)
3(699 653 873)
3(319 367 333)
3(675 689 723)
3(302 428 304)
3(658 660 784)
3(403 434 243)
3(759 599 790)
3(271 483 388)
3(627 744 839)
3(168 468 191)
3(524 547 824)
3(428 496 304)
3(784 660 852)
3(380 434 403)
3(736 759 790)
3(282 450 340)
3(638 696 806)
3(363 456 337)
3(719 693 812)
3(18 350 170)
3(115 526 706)
3(328 434 379)
3(684 735 790)
3(327 434 328)
3(683 684 790)
3(164 346 46)
3(520 97 702)
3(341 359 294)
3(697 650 715)
3(41 384 42)
3(92 93 740)
3(185 418 359)
3(541 715 774)
3(56 474 181)
3(107 537 830)
3(307 428 302)
3(663 658 784)
3(376 413 379)
3(732 735 769)
3(164 451 411)
3(520 767 807)
3(300 308 307)
3(656 663 664)
3(191 421 193)
3(547 549 777)
3(281 413 405)
3(637 761 769)
3(270 405 347)
3(626 703 761)
3(182 449 57)
3(538 108 805)
3(338 410 383)
3(694 739 766)
3(261 277 276)
3(617 632 633)
3(241 247 240)
3(597 596 603)
3(279 332 297)
3(635 653 688)
3(448 484 188)
3(804 544 840)
3(244 482 209)
3(600 565 838)
3(326 420 193)
3(682 549 776)
3(328 413 281)
3(684 637 769)
3(338 383 337)
3(694 693 739)
3(190 192 171)
3(546 527 548)
3(374 480 44)
3(730 95 836)
3(205 261 259)
3(561 615 617)
3(44 503 374)
3(95 730 859)
3(442 512 360)
3(798 716 868)
3(192 195 194)
3(548 550 551)
3(339 507 414)
3(695 770 863)
3(252 514 445)
3(608 801 870)
3(334 511 332)
3(690 688 867)
3(59 172 60)
3(110 111 528)
3(352 416 351)
3(708 707 772)
3(445 510 252)
3(801 608 866)
3(184 381 371)
3(540 727 737)
3(366 508 371)
3(722 727 864)
3(301 415 234)
3(657 590 771)
3(196 464 306)
3(552 662 820)
3(383 475 337)
3(739 693 831)
3(295 372 369)
3(651 725 728)
3(55 460 186)
3(106 542 816)
3(443 512 362)
3(799 718 868)
3(239 240 230)
3(595 586 596)
3(347 405 165)
3(703 521 761)
3(265 341 294)
3(621 650 697)
3(193 509 191)
3(549 547 865)
3(426 427 307)
3(782 663 783)
3(50 190 171)
3(101 527 546)
3(193 421 326)
3(549 682 777)
3(199 415 197)
3(555 553 771)
3(310 491 263)
3(666 619 847)
3(178 352 350)
3(534 706 708)
3(297 298 288)
3(653 644 654)
3(176 384 41)
3(532 92 740)
3(247 450 282)
3(603 638 806)
3(284 488 230)
3(640 586 844)
3(367 468 168)
3(723 524 824)
3(306 464 177)
3(662 533 820)
3(212 244 209)
3(568 565 600)
3(263 326 310)
3(619 666 682)
3(201 462 234)
3(557 590 818)
3(277 456 276)
3(633 632 812)
3(333 367 168)
3(689 524 723)
3(349 410 338)
3(705 694 766)
3(300 517 308)
3(656 664 873)
3(318 463 316)
3(674 672 819)
3(340 414 282)
3(696 638 770)
3(332 438 297)
3(688 653 794)
3(509 519 191)
3(865 547 875)
3(376 379 377)
3(732 733 735)
3(50 171 51)
3(101 102 527)
3(18 170 19)
3(115 116 526)
3(48 168 49)
3(99 100 524)
3(42 384 167)
3(93 523 740)
3(445 514 293)
3(801 649 870)
3(194 392 171)
3(550 527 748)
3(366 371 182)
3(722 538 727)
3(172 365 60)
3(528 111 721)
3(292 337 277)
3(648 633 693)
3(55 186 56)
3(106 107 542)
3(264 265 252)
3(620 608 621)
3(316 463 402)
3(672 758 819)
3(430 431 181)
3(786 537 787)
3(178 350 17)
3(534 114 706)
3(289 364 341)
3(645 697 720)
3(332 487 438)
3(688 794 843)
3(287 462 203)
3(643 559 818)
3(377 378 166)
3(733 522 734)
3(297 517 298)
3(653 654 873)
3(198 420 200)
3(554 556 776)
3(294 358 357)
3(650 713 714)
3(360 515 356)
3(716 712 871)
3(24 377 166)
3(121 522 733)
3(191 519 168)
3(547 524 875)
3(279 288 287)
3(635 643 644)
3(396 458 233)
3(752 589 814)
3(290 506 470)
3(646 826 862)
3(48 333 168)
3(99 524 689)
3(192 509 193)
3(548 549 865)
3(186 474 56)
3(542 107 830)
3(195 196 194)
3(551 550 552)
3(46 346 47)
3(97 98 702)
3(244 507 408)
3(600 764 863)
3(233 466 393)
3(589 749 822)
3(396 437 325)
3(752 681 793)
3(294 454 358)
3(650 714 810)
3(392 433 52)
3(748 103 789)
3(54 177 55)
3(105 106 533)
3(229 230 214)
3(585 570 586)
3(252 510 248)
3(608 604 866)
3(337 456 277)
3(693 633 812)
3(460 464 419)
3(816 775 820)
3(47 346 333)
3(98 689 702)
3(49 190 50)
3(100 101 546)
3(21 165 22)
3(118 119 521)
3(298 517 300)
3(654 656 873)
3(282 284 240)
3(638 596 640)
3(382 465 375)
3(738 731 821)
3(261 412 291)
3(617 647 768)
3(369 372 358)
3(725 714 728)
3(168 519 49)
3(524 100 875)
3(458 466 233)
3(814 589 822)
3(248 510 247)
3(604 603 866)
3(17 350 18)
3(114 115 706)
3(49 519 190)
3(100 546 875)
3(377 379 378)
3(733 734 735)
3(346 411 319)
3(702 675 767)
3(427 493 429)
3(783 785 849)
3(192 194 171)
3(548 527 550)
3(222 437 396)
3(578 752 793)
3(379 434 380)
3(735 736 790)
3(165 376 22)
3(521 119 732)
3(306 392 194)
3(662 550 748)
3(181 431 366)
3(537 722 787)
3(16 178 17)
3(113 114 534)
3(45 164 46)
3(96 97 520)
3(305 516 197)
3(661 553 872)
3(289 470 364)
3(645 720 826)
3(234 462 391)
3(590 747 818)
3(190 509 192)
3(546 548 865)
3(0 469 16)
3(10 113 825)
3(351 457 170)
3(707 526 813)
3(380 472 378)
3(736 734 828)
3(205 412 261)
3(561 617 768)
3(202 203 201)
3(558 557 559)
3(379 380 378)
3(735 734 736)
3(282 414 284)
3(638 640 770)
3(200 202 201)
3(556 557 558)
3(340 349 338)
3(696 694 705)
3(200 420 263)
3(556 619 776)
3(180 459 407)
3(536 763 815)
3(23 377 24)
3(120 121 733)
3(190 519 509)
3(546 865 875)
3(406 483 266)
3(762 622 839)
3(376 377 23)
3(732 120 733)
3(171 392 51)
3(527 102 748)
3(308 467 307)
3(664 663 823)
3(459 489 407)
3(815 763 845)
3(472 477 378)
3(828 734 833)
3(56 439 57)
3(107 108 795)
3(167 384 382)
3(523 738 740)
3(378 477 166)
3(734 522 833)
3(424 502 169)
3(780 525 858)
3(286 406 266)
3(642 622 762)
3(246 393 267)
3(602 623 749)
3(47 333 48)
3(98 99 689)
3(22 376 23)
3(119 120 732)
3(362 444 443)
3(718 799 800)
3(57 449 58)
3(108 109 805)
3(164 480 373)
3(520 729 836)
3(387 388 174)
3(743 530 744)
3(72 484 189)
3(139 545 840)
3(403 472 380)
3(759 736 828)
3(279 287 259)
3(635 615 643)
3(387 389 388)
3(743 744 745)
3(24 166 25)
3(121 122 522)
3(228 397 226)
3(584 582 753)
3(169 389 387)
3(525 743 745)
3(61 469 0)
3(112 10 825)
3(28 386 179)
3(125 535 742)
3(356 515 478)
3(712 834 871)
3(60 365 61)
3(111 112 721)
3(166 394 25)
3(522 122 750)
3(173 386 27)
3(529 124 742)
3(26 173 27)
3(123 124 529)
3(27 386 28)
3(124 125 742)
3(169 387 34)
3(525 131 743)
3(239 241 240)
3(595 596 597)
3(364 470 172)
3(720 528 826)
3(246 267 258)
3(602 614 623)
3(33 169 34)
3(130 131 525)
3(35 387 174)
3(132 530 743)
3(31 175 32)
3(128 129 531)
3(174 390 36)
3(530 133 746)
3(34 387 35)
3(131 132 743)
3(35 174 36)
3(132 133 530)
3(42 167 43)
3(93 94 523)
3(28 179 29)
3(125 126 535)
3(37 390 180)
3(134 536 746)
3(36 390 37)
3(133 134 746)
3(40 176 41)
3(91 92 532)
3(37 180 38)
3(134 135 536)
3(348 502 424)
3(704 780 858)
3(26 394 173)
3(123 529 750)
3(207 491 310)
3(563 666 847)
3(319 501 367)
3(675 723 857)
3(325 458 396)
3(681 752 814)
3(203 462 201)
3(559 557 818)
3(470 506 440)
3(826 796 862)
3(272 274 249)
3(628 605 630)
3(249 397 228)
3(605 584 753)
3(185 359 341)
3(541 697 715)
3(292 338 337)
3(648 693 694)
3(218 395 223)
3(574 579 751)
3(25 394 26)
3(122 123 750)
3(321 325 318)
3(677 674 681)
3(283 286 266)
3(639 622 642)
3(450 510 268)
3(806 624 866)
3(275 348 329)
3(631 685 704)
3(329 330 273)
3(685 629 686)
3(250 275 273)
3(606 629 631)
3(225 233 227)
3(581 583 589)
3(229 238 230)
3(585 586 594)
3(232 246 245)
3(588 601 602)
3(258 283 266)
3(614 622 639)
3(204 205 203)
3(560 559 561)
3(272 296 274)
3(628 630 652)
3(300 307 302)
3(656 658 663)
3(275 329 273)
3(631 629 685)
3(257 271 245)
3(613 601 627)
3(230 488 214)
3(586 570 844)
3(51 392 52)
3(102 103 748)
3(388 483 406)
3(744 762 839)
3(418 499 359)
3(774 715 855)
3(222 396 225)
3(578 581 752)
3(218 223 220)
3(574 576 579)
3(250 273 272)
3(606 628 629)
3(225 396 233)
3(581 589 752)
3(274 397 249)
3(630 605 753)
3(232 393 246)
3(588 602 749)
3(246 258 257)
3(602 613 614)
3(250 272 249)
3(606 605 628)
3(232 245 237)
3(588 593 601)
3(80 336 81)
3(159 158 692)
3(45 480 164)
3(96 520 836)
3(258 266 257)
3(614 613 622)
3(188 484 71)
3(544 140 840)
3(246 257 245)
3(602 601 613)
3(237 249 228)
3(593 584 605)
3(227 232 228)
3(583 584 588)
3(237 250 249)
3(593 605 606)
3(232 237 228)
3(588 584 593)
3(268 444 385)
3(624 741 800)
3(174 406 390)
3(530 746 762)
3(227 393 232)
3(583 588 749)
3(241 248 247)
3(597 603 604)
3(233 393 227)
3(589 583 749)
3(428 429 187)
3(784 543 785)
3(216 395 218)
3(572 574 751)
3(5 344 76)
3(12 163 700)
3(330 398 273)
3(686 629 754)
3(273 398 272)
3(629 628 754)
3(53 476 54)
3(104 105 832)
3(250 399 275)
3(606 631 755)
3(177 460 55)
3(533 106 816)
3(19 486 20)
3(116 117 842)
3(272 398 296)
3(628 652 754)
3(165 413 376)
3(521 732 769)
3(329 400 330)
3(685 686 756)
3(289 341 265)
3(645 621 697)
3(227 228 226)
3(583 582 584)
3(39 407 40)
3(90 91 763)
3(271 399 245)
3(627 601 755)
3(324 401 323)
3(680 679 757)
3(374 375 324)
3(730 680 731)
3(322 373 324)
3(678 680 729)
3(245 399 237)
3(601 593 755)
3(237 399 250)
3(593 606 755)
3(270 285 251)
3(626 607 641)
3(474 496 187)
3(830 543 852)
3(225 227 226)
3(581 582 583)
3(216 404 395)
3(572 751 760)
3(423 457 351)
3(779 707 813)
3(248 264 252)
3(604 608 620)
3(395 485 402)
3(751 758 841)
3(395 402 223)
3(751 579 758)
3(375 401 324)
3(731 680 757)
3(85 354 86)
3(154 153 710)
3(406 459 390)
3(762 746 815)
3(81 336 260)
3(158 616 692)
3(224 243 221)
3(580 577 599)
3(238 239 230)
3(594 586 595)
3(31 417 175)
3(128 531 773)
3(373 374 324)
3(729 680 730)
3(397 403 226)
3(753 582 759)
3(73 492 74)
3(138 137 848)
3(388 406 174)
3(744 530 762)
3(242 280 262)
3(598 618 636)
3(322 324 323)
3(678 679 680)
3(82 342 6)
3(157 15 698)
3(238 422 239)
3(594 595 778)
3(322 323 321)
3(678 677 679)
3(33 424 169)
3(130 525 780)
3(175 424 32)
3(531 129 780)
3(225 226 224)
3(581 580 582)
3(291 292 277)
3(647 633 648)
3(400 417 179)
3(756 535 773)
3(172 440 365)
3(528 721 796)
3(326 441 310)
3(682 666 797)
3(297 438 343)
3(653 699 794)
3(76 344 331)
3(163 687 700)
3(175 417 400)
3(531 756 773)
3(222 225 224)
3(578 580 581)
3(275 432 348)
3(631 704 788)
3(242 409 280)
3(598 636 765)
3(280 327 281)
3(636 637 683)
3(373 451 164)
3(729 520 807)
3(251 422 238)
3(607 594 778)
3(286 459 406)
3(642 762 815)
3(57 439 182)
3(108 538 795)
3(40 407 176)
3(91 532 763)
3(222 224 221)
3(578 577 580)
3(320 322 321)
3(676 677 678)
3(320 321 318)
3(676 674 677)
3(208 209 206)
3(564 562 565)
3(433 476 53)
3(789 104 832)
3(220 222 221)
3(576 577 578)
3(224 403 243)
3(580 599 759)
3(58 449 185)
3(109 541 805)
3(311 314 313)
3(667 669 670)
3(197 516 196)
3(553 552 872)
3(226 403 224)
3(582 580 759)
3(283 465 382)
3(639 738 821)
3(220 221 219)
3(576 575 577)
3(317 318 316)
3(673 672 674)
3(315 316 313)
3(671 669 672)
3(218 220 219)
3(574 575 576)
3(270 347 309)
3(626 665 703)
3(215 229 214)
3(571 570 585)
3(327 328 281)
3(683 637 684)
3(270 309 285)
3(626 641 665)
3(280 281 262)
3(636 618 637)
3(209 412 206)
3(565 562 768)
3(213 216 215)
3(569 571 572)
3(303 415 301)
3(659 657 771)
3(501 518 468)
3(857 824 874)
3(280 435 327)
3(636 683 791)
3(317 320 318)
3(673 674 676)
3(242 262 251)
3(598 607 618)
3(314 315 313)
3(670 669 671)
3(213 215 214)
3(569 570 571)
3(234 415 199)
3(590 555 771)
3(315 319 317)
3(671 673 675)
3(43 503 44)
3(94 95 859)
3(213 214 212)
3(569 568 570)
3(397 472 403)
3(753 759 828)
3(207 310 211)
3(563 567 666)
3(242 251 238)
3(598 594 607)
3(210 212 209)
3(566 565 568)
3(360 512 443)
3(716 799 868)
3(210 404 213)
3(566 569 760)
3(315 317 316)
3(671 672 673)
3(264 289 265)
3(620 621 645)
3(218 219 217)
3(574 573 575)
3(195 453 198)
3(551 554 809)
3(373 480 374)
3(729 730 836)
3(485 505 402)
3(841 758 861)
3(263 420 326)
3(619 682 776)
3(262 270 251)
3(618 607 626)
3(1 479 39)
3(8 90 835)
3(38 479 1)
3(135 8 835)
3(30 417 31)
3(127 128 773)
3(177 476 306)
3(533 662 832)
3(258 465 283)
3(614 639 821)
3(216 218 217)
3(572 573 574)
3(340 385 349)
3(696 705 741)
3(389 432 271)
3(745 627 788)
3(427 428 307)
3(783 663 784)
3(310 441 311)
3(666 667 797)
3(2 481 30)
3(11 127 837)
3(29 481 2)
3(126 11 837)
3(294 497 265)
3(650 621 853)
3(170 486 19)
3(526 116 842)
3(341 364 185)
3(697 541 720)
3(216 217 215)
3(572 571 573)
3(321 458 325)
3(677 681 814)
3(4 355 62)
3(14 149 711)
3(210 213 212)
3(566 568 569)
3(285 422 251)
3(641 607 778)
3(176 452 384)
3(532 740 808)
3(177 464 460)
3(533 816 820)
3(311 313 312)
3(667 668 669)
3(322 451 373)
3(678 729 807)
3(214 447 212)
3(570 568 803)
3(339 340 338)
3(695 694 696)
3(208 210 209)
3(564 565 566)
3(6 342 278)
3(15 634 698)
3(213 404 216)
3(569 572 760)
3(311 312 211)
3(667 567 668)
3(229 242 238)
3(585 594 598)
3(257 483 271)
3(613 627 839)
3(63 372 64)
3(148 147 728)
3(32 424 33)
3(129 130 780)
3(309 457 285)
3(665 641 813)
3(355 357 253)
3(711 609 713)
3(243 455 221)
3(599 577 811)
3(329 513 400)
3(685 756 869)
3(371 418 182)
3(727 538 774)
3(77 236 78)
3(162 161 592)
3(271 432 399)
3(627 755 788)
3(215 409 229)
3(571 585 765)
3(285 423 422)
3(641 778 779)
3(212 447 244)
3(568 600 803)
3(419 464 305)
3(775 661 820)
3(298 299 288)
3(654 644 655)
3(261 291 277)
3(617 633 647)
3(196 306 194)
3(552 550 662)
3(325 463 318)
3(681 674 819)
3(400 513 175)
3(756 531 869)
3(185 449 418)
3(541 774 805)
3(385 494 349)
3(741 705 850)
3(220 437 222)
3(576 578 793)
3(288 391 287)
3(644 643 747)
3(427 429 428)
3(783 784 785)
3(484 493 189)
3(840 545 849)
3(178 469 365)
3(534 721 825)
3(405 413 165)
3(761 521 769)
3(420 453 193)
3(776 549 809)
3(435 455 327)
3(791 683 811)
3(229 409 242)
3(585 598 765)
3(16 469 178)
3(113 534 825)
3(371 381 370)
3(727 726 737)
3(317 411 320)
3(673 676 767)
3(217 409 215)
3(573 571 765)
3(416 461 256)
3(772 612 817)
3(276 456 334)
3(632 690 812)
3(202 204 203)
3(558 559 560)
3(414 507 284)
3(770 640 863)
3(236 335 78)
3(592 161 691)
3(409 435 280)
3(765 636 791)
3(444 494 385)
3(800 741 850)
3(310 311 211)
3(666 567 667)
3(319 411 317)
3(675 673 767)
3(306 433 392)
3(662 748 789)
3(241 256 248)
3(597 604 612)
3(357 358 253)
3(713 609 714)
3(399 432 275)
3(755 631 788)
3(77 331 236)
3(162 592 687)
3(204 206 205)
3(560 561 562)
3(421 441 326)
3(777 682 797)
3(448 493 484)
3(804 840 849)
3(362 494 444)
3(718 800 850)
3(54 476 177)
3(105 533 832)
3(354 361 86)
3(710 153 717)
3(78 335 79)
3(161 160 691)
3(79 231 80)
3(160 159 587)
3(207 211 208)
3(563 564 567)
3(65 368 66)
3(146 145 724)
3(416 506 461)
3(772 817 862)
3(309 486 457)
3(665 813 842)
3(81 260 82)
3(158 157 616)
3(429 448 430)
3(785 786 804)
3(367 501 468)
3(723 824 857)
3(312 425 211)
3(668 567 781)
3(370 418 371)
3(726 727 774)
3(316 505 313)
3(672 669 861)
3(76 331 77)
3(163 162 687)
3(75 235 5)
3(136 12 591)
3(358 454 369)
3(714 725 810)
3(247 510 450)
3(603 806 866)
3(412 482 291)
3(768 647 838)
3(207 208 206)
3(563 562 564)
3(446 504 256)
3(802 612 860)
3(423 446 422)
3(779 778 802)
3(298 300 299)
3(654 655 656)
3(448 471 431)
3(804 787 827)
3(79 335 231)
3(160 587 691)
3(210 425 404)
3(566 760 781)
3(236 438 335)
3(592 691 794)
3(315 501 319)
3(671 675 857)
3(365 469 61)
3(721 112 825)
3(385 450 268)
3(741 624 806)
3(311 441 314)
3(667 670 797)
3(461 506 290)
3(817 646 862)
3(343 438 236)
3(699 592 794)
3(223 437 220)
3(579 576 793)
3(357 478 294)
3(713 650 834)
3(363 475 342)
3(719 698 831)
3(291 482 408)
3(647 764 838)
3(402 505 316)
3(758 672 861)
3(219 435 217)
3(575 573 791)
3(217 435 409)
3(573 765 791)
3(223 463 437)
3(579 793 819)
3(204 207 206)
3(560 562 563)
3(214 488 447)
3(570 803 844)
3(191 468 421)
3(547 777 824)
3(423 504 446)
3(779 802 860)
3(331 343 236)
3(687 592 699)
3(183 508 471)
3(539 827 864)
3(206 412 205)
3(562 561 768)
3(200 263 202)
3(556 558 619)
3(283 452 286)
3(639 642 808)
3(292 339 338)
3(648 694 695)
3(467 490 344)
3(823 700 846)
3(175 513 424)
3(531 780 869)
3(172 470 440)
3(528 796 826)
3(411 451 320)
3(767 676 807)
3(354 473 362)
3(710 718 829)
3(84 269 85)
3(155 154 625)
3(89 255 4)
3(150 14 611)
3(208 425 210)
3(564 566 781)
3(87 254 88)
3(152 151 610)
3(6 278 83)
3(15 156 634)
3(390 459 180)
3(746 536 815)
3(337 475 363)
3(693 719 831)
3(307 467 426)
3(663 782 823)
3(358 372 253)
3(714 609 728)
3(299 391 288)
3(655 644 747)
3(362 512 361)
3(718 717 868)
3(231 336 80)
3(587 159 692)
3(320 451 322)
3(676 678 807)
3(443 515 360)
3(799 716 871)
3(264 290 289)
3(620 645 646)
3(291 408 292)
3(647 648 764)
3(211 425 208)
3(567 564 781)
3(255 442 360)
3(611 716 798)
3(74 345 75)
3(137 136 701)
3(339 414 340)
3(695 696 770)
3(323 458 321)
3(679 677 814)
3(219 455 435)
3(575 791 811)
3(323 466 458)
3(679 814 822)
3(267 465 258)
3(623 614 821)
3(39 479 407)
3(90 763 835)
3(235 344 5)
3(591 12 700)
3(83 353 84)
3(156 155 709)
3(86 361 87)
3(153 152 717)
3(88 442 89)
3(151 150 798)
3(274 477 472)
3(630 828 833)
3(401 466 323)
3(757 679 822)
3(353 410 269)
3(709 625 766)
3(74 492 345)
3(137 701 848)
3(221 455 219)
3(577 575 811)
3(429 430 187)
3(785 543 786)
3(437 463 325)
3(793 681 819)
3(68 495 7)
3(143 13 851)
3(44 480 45)
3(95 96 836)
3(444 445 443)
3(800 799 801)
3(75 345 235)
3(136 591 701)
3(179 481 29)
3(535 126 837)
3(370 381 368)
3(726 724 737)
3(260 342 82)
3(616 157 698)
3(180 479 38)
3(536 135 835)
3(370 499 418)
3(726 774 855)
3(296 477 274)
3(652 630 833)
3(457 486 170)
3(813 526 842)
3(62 355 253)
3(149 609 711)
3(292 408 339)
3(648 695 764)
3(72 189 73)
3(139 138 545)
3(432 502 348)
3(788 704 858)
3(438 487 335)
3(794 691 843)
3(274 472 397)
3(630 753 828)
3(422 446 239)
3(778 595 802)
3(241 446 256)
3(597 612 802)
3(169 502 389)
3(525 745 858)
3(269 354 85)
3(625 154 710)
3(436 508 183)
3(792 539 864)
3(255 360 356)
3(611 712 716)
3(189 492 73)
3(545 138 848)
3(285 457 423)
3(641 779 813)
3(167 503 43)
3(523 94 859)
3(266 483 257)
3(622 613 839)
3(402 463 223)
3(758 579 819)
3(198 453 420)
3(554 776 809)
3(425 485 404)
3(781 760 841)
3(312 485 425)
3(668 781 841)
3(404 485 395)
3(760 751 841)
3(64 295 65)
3(147 146 651)
3(62 253 63)
3(149 148 609)
3(256 461 248)
3(612 604 817)
3(186 496 474)
3(542 830 852)
3(268 445 444)
3(624 800 801)
3(354 362 361)
3(710 717 718)
3(300 302 301)
3(656 657 658)
3(342 475 278)
3(698 634 831)
3(300 301 299)
3(656 655 657)
3(70 188 71)
3(141 140 544)
3(407 479 180)
3(763 536 835)
3(363 498 456)
3(719 812 854)
3(209 482 412)
3(565 768 838)
3(84 353 269)
3(155 625 709)
3(69 500 70)
3(142 141 856)
3(239 446 241)
3(595 597 802)
3(89 442 255)
3(150 611 798)
3(278 353 83)
3(634 156 709)
3(87 361 254)
3(152 610 717)
3(254 442 88)
3(610 151 798)
3(424 513 348)
3(780 704 869)
3(348 513 329)
3(704 685 869)
3(407 489 176)
3(763 532 845)
3(417 481 179)
3(773 535 837)
3(64 372 295)
3(147 651 728)
3(67 184 68)
3(144 143 540)
3(429 493 448)
3(785 804 849)
3(302 303 301)
3(658 657 659)
3(456 498 334)
3(812 690 854)
3(391 462 287)
3(747 643 818)
3(256 504 416)
3(612 772 860)
3(302 304 303)
3(658 659 660)
3(344 490 331)
3(700 687 846)
3(278 383 353)
3(634 709 739)
3(255 355 4)
3(611 14 711)
3(304 419 305)
3(660 661 775)
3(304 305 303)
3(660 659 661)
3(7 183 69)
3(13 142 539)
3(331 490 343)
3(687 699 846)
3(436 495 184)
3(792 540 851)
3(204 491 207)
3(560 563 847)
3(345 426 235)
3(701 591 782)
3(290 470 289)
3(646 645 826)
3(336 498 260)
3(692 616 854)
3(445 515 443)
3(801 799 871)
3(260 363 342)
3(616 698 719)
3(30 481 417)
3(127 773 837)
3(351 504 423)
3(707 779 860)
3(314 501 315)
3(670 671 857)
3(248 461 264)
3(604 620 817)
3(183 495 436)
3(539 792 851)
3(335 487 231)
3(691 587 843)
3(189 493 492)
3(545 848 849)
3(371 436 184)
3(727 540 792)
3(313 505 312)
3(669 668 861)
3(66 381 67)
3(145 144 737)
3(383 410 353)
3(739 709 766)
3(253 372 63)
3(609 148 728)
3(345 427 426)
3(701 782 783)
3(306 476 433)
3(662 789 832)
3(356 357 355)
3(712 711 713)
3(188 500 471)
3(544 827 856)
3(264 461 290)
3(620 646 817)
3(186 460 419)
3(542 775 816)
3(478 515 293)
3(834 649 871)
3(452 489 286)
3(808 642 845)
3(314 518 501)
3(670 857 874)
3(308 490 467)
3(664 823 846)
3(295 368 65)
3(651 146 724)
3(471 500 183)
3(827 539 856)
3(416 504 351)
3(772 707 860)
3(286 489 459)
3(642 815 845)
3(473 494 362)
3(829 718 850)
3(255 356 355)
3(611 711 712)
3(336 511 334)
3(692 690 867)
3(278 475 383)
3(634 739 831)
3(430 448 431)
3(786 787 804)
3(440 506 352)
3(796 708 862)
3(345 492 427)
3(701 783 848)
3(368 381 66)
3(724 145 737)
3(182 439 366)
3(538 722 795)
3(231 511 336)
3(587 692 867)
3(312 505 485)
3(668 841 861)
3(366 439 181)
3(722 537 795)
3(352 506 416)
3(708 772 862)
3(334 498 336)
3(690 692 854)
3(235 467 344)
3(591 700 823)
3(70 500 188)
3(141 544 856)
3(389 502 432)
3(745 788 858)
3(464 516 305)
3(820 661 872)
3(447 507 244)
3(803 600 863)
3(356 478 357)
3(712 713 834)
3(184 495 68)
3(540 143 851)
3(304 496 419)
3(660 775 852)
3(269 473 354)
3(625 710 829)
3(419 496 186)
3(775 542 852)
3(202 491 204)
3(558 560 847)
3(263 491 202)
3(619 558 847)
3(410 473 269)
3(766 625 829)
3(176 489 452)
3(532 808 845)
3(369 370 368)
3(725 724 726)
3(447 488 284)
3(803 640 844)
3(183 500 69)
3(539 142 856)
3(7 495 183)
3(13 539 851)
3(430 474 187)
3(786 543 830)
3(284 507 447)
3(640 803 863)
3(181 474 430)
3(537 786 830)
3(260 498 363)
3(616 719 854)
3(67 381 184)
3(144 540 737)
3(295 369 368)
3(651 724 725)
3(490 517 343)
3(846 699 873)
3(421 518 441)
3(777 797 874)
3(492 493 427)
3(848 783 849)
3(426 467 235)
3(782 591 823)
3(349 473 410)
3(705 766 829)
3(418 449 182)
3(774 538 805)
3(408 482 244)
3(764 600 838)
3(468 518 421)
3(824 777 874)
3(487 511 231)
3(843 587 867)
3(196 516 464)
3(552 820 872)
3(441 518 314)
3(797 670 874)
3(332 511 487)
3(688 843 867)
3(478 497 294)
3(834 650 853)
3(308 517 490)
3(664 846 873)
3(454 499 369)
3(810 725 855)
3(497 514 265)
3(853 621 870)
3(361 512 254)
3(717 610 868)
3(349 494 473)
3(705 829 850)
3(359 499 454)
3(715 810 855)
3(369 499 370)
3(725 726 855)
3(431 508 366)
3(787 722 864)
3(293 497 478)
3(649 834 853)
3(293 514 497)
3(649 853 870)
3(471 508 431)
3(827 787 864)
3(185 364 59)
3(541 110 720)
4(52 3 9 103)
4(41 42 93 92)
4(50 51 102 101)
4(48 49 100 99)
4(46 47 98 97)
4(49 50 101 100)
4(45 46 97 96)
4(47 48 99 98)
4(42 43 94 93)
4(40 41 92 91)
4(51 52 103 102)
4(39 40 91 90)
4(43 44 95 94)
4(1 39 90 8)
4(44 45 96 95)
4(3 53 104 9)
4(58 59 110 109)
4(59 60 111 110)
4(55 56 107 106)
4(54 55 106 105)
4(56 57 108 107)
4(57 58 109 108)
4(61 0 10 112)
4(60 61 112 111)
4(53 54 105 104)
4(20 21 118 117)
4(18 19 116 115)
4(21 22 119 118)
4(17 18 115 114)
4(16 17 114 113)
4(0 16 113 10)
4(23 24 121 120)
4(22 23 120 119)
4(24 25 122 121)
4(26 27 124 123)
4(27 28 125 124)
4(28 29 126 125)
4(25 26 123 122)
4(19 20 117 116)
4(29 2 11 126)
4(33 34 131 130)
4(31 32 129 128)
4(34 35 132 131)
4(35 36 133 132)
4(36 37 134 133)
4(37 38 135 134)
4(38 1 8 135)
4(30 31 128 127)
4(2 30 127 11)
4(32 33 130 129)
4(71 72 139 140)
4(80 81 158 159)
4(5 76 163 12)
4(85 86 153 154)
4(73 74 137 138)
4(82 6 15 157)
4(4 62 149 14)
4(63 64 147 148)
4(77 78 161 162)
4(78 79 160 161)
4(79 80 159 160)
4(65 66 145 146)
4(81 82 157 158)
4(76 77 162 163)
4(75 5 12 136)
4(84 85 154 155)
4(89 4 14 150)
4(87 88 151 152)
4(6 83 156 15)
4(74 75 136 137)
4(83 84 155 156)
4(86 87 152 153)
4(88 89 150 151)
4(68 7 13 143)
4(72 73 138 139)
4(64 65 146 147)
4(62 63 148 149)
4(70 71 140 141)
4(69 70 141 142)
4(67 68 143 144)
4(7 69 142 13)
4(66 67 144 145)
)


// ************************************************************************* //
