/*--------------------------------*- C++ -*----------------------------------*\
| =========                 |                                                 |
| \\      /  F ield         | OpenFOAM: The Open Source CFD Toolbox           |
|  \\    /   O peration     | Version:  2406                                  |
|   \\  /    A nd           | Website:  www.openfoam.com                      |
|    \\/     M anipulation  |                                                 |
\*---------------------------------------------------------------------------*/
FoamFile
{
    version     2.0;
    format      ascii;
    arch        "LSB;label=32;scalar=64";
    note        "nPoints:876  nCells:794  nFaces:2820  nInternalFaces:1150";
    class       labelList;
    location    "constant/polyMesh";
    object      neighbour;
}
// * * * * * * * * * * * * * * * * * * * * * * * * * * * * * * * * * * * * * //


1150
(
2
18
614
5
189
200
369
15
40
420
18
186
247
408
15
126
197
411
793
14
244
636
62
94
451
24
48
132
21
73
82
36
132
219
14
16
349
265
29
286
109
678
785
621
78
458
564
30
181
510
488
511
87
242
742
53
134
736
64
447
34
97
107
98
137
199
28
262
389
31
351
31
343
110
447
266
76
340
362
49
56
652
38
256
48
61
230
427
695
118
648
712
63
99
112
163
784
348
542
51
243
415
111
185
639
254
329
116
300
663
83
90
209
114
271
793
157
703
723
172
200
243
65
80
224
472
584
125
138
199
390
508
81
89
103
100
558
720
108
357
71
195
209
74
257
459
69
169
256
99
135
177
143
434
93
424
113
518
183
413
115
134
68
119
667
84
188
787
221
600
107
308
171
392
769
145
288
76
88
690
77
410
315
483
139
176
578
752
213
255
137
149
193
597
670
154
206
82
213
422
184
218
127
294
136
156
294
316
502
182
765
310
460
152
350
399
589
147
239
310
128
131
578
103
509
126
420
251
402
774
104
146
715
144
498
270
338
150
329
533
141
671
775
131
450
510
422
121
295
130
211
222
108
448
628
226
436
442
608
183
211
520
610
116
157
733
780
160
729
743
192
514
712
767
159
789
427
434
140
499
778
597
734
202
683
768
162
347
722
250
442
601
270
374
509
352
464
151
181
460
598
717
153
196
532
434
142
287
756
166
171
497
283
472
552
313
760
145
545
455
473
441
495
391
450
221
290
193
518
180
231
773
198
782
164
417
500
229
610
168
392
176
235
208
237
238
465
180
203
243
279
791
211
215
238
490
739
264
390
193
295
388
182
366
445
572
654
216
735
765
206
217
220
352
466
642
780
290
688
175
208
244
198
232
655
188
528
569
263
604
649
234
258
203
256
505
204
289
320
291
566
701
248
222
662
499
195
749
775
204
339
212
289
626
551
314
526
347
535
305
313
421
205
366
473
496
722
248
207
214
557
229
415
226
498
553
551
599
207
613
338
552
235
228
525
506
685
771
317
504
228
249
350
499
526
742
789
513
327
413
748
271
701
688
235
261
513
365
637
228
241
255
582
230
290
519
520
583
458
477
450
583
240
596
669
237
246
315
653
249
314
598
726
681
730
244
620
402
285
385
646
299
401
272
322
534
629
411
327
399
448
257
274
379
507
640
438
260
265
293
353
377
269
646
563
268
280
723
750
563
297
267
268
286
273
277
674
588
323
614
385
277
278
375
386
278
282
336
652
631
282
284
596
403
634
641
679
297
439
699
545
562
468
588
736
309
321
324
321
331
466
585
318
341
368
406
468
500
307
584
552
564
311
396
680
311
343
351
311
319
346
320
339
363
374
482
322
325
330
328
456
519
531
349
636
665
330
355
483
577
379
635
787
320
395
419
568
324
344
643
337
328
330
333
334
359
372
602
628
653
668
333
334
334
337
353
360
523
564
663
371
379
339
527
506
625
364
457
393
616
344
349
408
535
360
529
473
465
509
489
445
363
403
615
359
492
369
381
621
369
376
376
381
475
360
423
451
471
662
763
387
480
658
651
706
708
368
449
658
654
536
647
401
596
543
702
404
410
488
383
394
454
448
414
438
623
650
397
424
431
384
479
633
400
644
405
611
485
485
587
395
414
498
606
394
682
588
461
532
567
549
691
501
404
529
641
512
522
422
424
429
475
440
471
730
739
681
409
406
603
430
425
478
554
718
416
504
414
502
432
474
565
778
456
419
624
430
444
432
444
548
446
423
433
493
486
582
671
433
467
480
686
545
725
776
511
522
515
440
451
707
437
444
525
562
652
470
476
643
524
539
482
470
478
604
470
480
560
605
457
573
655
572
741
453
615
634
705
535
718
614
467
503
492
747
506
524
565
463
705
631
781
784
637
793
516
611
638
693
494
758
481
713
603
495
577
585
610
593
595
666
524
546
512
653
683
716
542
651
528
638
719
624
501
680
547
774
521
530
529
512
516
556
651
749
694
748
557
600
626
587
774
523
786
568
600
688
533
711
513
563
655
612
547
632
525
589
574
541
661
689
687
755
764
537
561
574
534
718
645
661
599
549
580
576
582
770
685
731
618
664
559
559
602
554
607
727
738
566
743
637
633
625
685
735
607
657
635
572
713
616
630
783
571
671
576
579
645
689
579
644
667
735
792
710
593
656
567
642
707
779
721
580
575
750
781
597
666
704
606
775
574
612
626
654
699
760
776
706
697
648
728
792
756
724
639
691
726
745
679
603
664
731
753
647
672
675
693
607
677
678
676
772
716
664
785
740
703
701
721
639
649
675
623
630
613
624
621
669
745
672
676
677
675
678
636
643
672
715
757
737
763
751
762
663
703
700
682
738
759
704
669
788
660
650
747
710
674
674
747
753
709
732
711
657
658
741
683
727
716
708
754
667
686
734
746
687
766
746
761
692
785
680
758
705
751
767
690
744
729
695
697
715
734
732
695
752
761
762
769
709
712
751
755
717
772
744
766
766
729
725
721
762
777
771
741
738
767
737
732
750
728
746
754
790
730
758
779
782
768
761
786
740
744
743
771
742
777
772
778
764
754
757
756
773
768
788
764
765
782
776
779
786
780
790
787
788
791
792
791
)


// ************************************************************************* //
