/*--------------------------------*- C++ -*----------------------------------*\
| =========                 |                                                 |
| \\      /  F ield         | OpenFOAM: The Open Source CFD Toolbox           |
|  \\    /   O peration     | Version:  2406                                  |
|   \\  /    A nd           | Website:  www.openfoam.com                      |
|    \\/     M anipulation  |                                                 |
\*---------------------------------------------------------------------------*/
FoamFile
{
    version     2.0;
    format      ascii;
    arch        "LSB;label=32;scalar=64";
    class       vectorField;
    location    "constant/polyMesh";
    object      points;
}
// * * * * * * * * * * * * * * * * * * * * * * * * * * * * * * * * * * * * * //


876
(
(0 0 0)
(15 10 0)
(15 0 0)
(0 10 0)
(2 4.5 0)
(2 5.5 0)
(2.5 5 0)
(1.5 5 0)
(15 10 1)
(0 10 1)
(0 0 1)
(15 0 1)
(2 5.5 1)
(1.5 5 1)
(2 4.5 1)
(2.5 5 1)
(1 0 0)
(2 0 0)
(3 0 0)
(4 0 0)
(5 0 0)
(6 0 0)
(7 0 0)
(8 0 0)
(9 0 0)
(10 0 0)
(11 0 0)
(12 0 0)
(13 0 0)
(14 0 0)
(15 1 0)
(15 2 0)
(15 3 0)
(15 4 0)
(15 5 0)
(15 6 0)
(15 7 0)
(15 8 0)
(15 9 0)
(14 10 0)
(13 10 0)
(12 10 0)
(11 10 0)
(10 10 0)
(9 10 0)
(8 10 0)
(7 10 0)
(6 10 0)
(5 10 0)
(4 10 0)
(3 10 0)
(2 10 0)
(1 10 0)
(0 9 0)
(0 8 0)
(0 7 0)
(0 6 0)
(0 5 0)
(0 4 0)
(0 3 0)
(0 2 0)
(0 1 0)
(1.902454839 4.50960736 0)
(1.808658284 4.538060234 0)
(1.722214883 4.584265194 0)
(1.646446609 4.64644661 0)
(1.584265193 4.722214884 0)
(1.538060233 4.808658285 0)
(1.50960736 4.90245484 0)
(1.50960736 5.097545161 0)
(1.538060234 5.191341717 0)
(1.584265195 5.277785117 0)
(1.646446611 5.353553392 0)
(1.722214885 5.415734807 0)
(1.808658285 5.461939767 0)
(1.902454839 5.49039264 0)
(2.097545161 5.49039264 0)
(2.191341717 5.461939766 0)
(2.277785117 5.415734806 0)
(2.353553392 5.35355339 0)
(2.415734807 5.277785116 0)
(2.461939767 5.191341715 0)
(2.49039264 5.09754516 0)
(2.49039264 4.902454839 0)
(2.461939766 4.808658283 0)
(2.415734806 4.722214883 0)
(2.35355339 4.646446609 0)
(2.277785116 4.584265193 0)
(2.191341716 4.538060234 0)
(2.097545161 4.50960736 0)
(14 10 1)
(13 10 1)
(12 10 1)
(11 10 1)
(10 10 1)
(9 10 1)
(8 10 1)
(7 10 1)
(6 10 1)
(5 10 1)
(4 10 1)
(3 10 1)
(2 10 1)
(1 10 1)
(0 9 1)
(0 8 1)
(0 7 1)
(0 6 1)
(0 5 1)
(0 4 1)
(0 3 1)
(0 2 1)
(0 1 1)
(1 0 1)
(2 0 1)
(3 0 1)
(4 0 1)
(5 0 1)
(6 0 1)
(7 0 1)
(8 0 1)
(9 0 1)
(10 0 1)
(11 0 1)
(12 0 1)
(13 0 1)
(14 0 1)
(15 1 1)
(15 2 1)
(15 3 1)
(15 4 1)
(15 5 1)
(15 6 1)
(15 7 1)
(15 8 1)
(15 9 1)
(1.902454839 5.49039264 1)
(1.808658285 5.461939767 1)
(1.722214885 5.415734807 1)
(1.646446611 5.353553392 1)
(1.584265195 5.277785117 1)
(1.538060234 5.191341717 1)
(1.50960736 5.097545161 1)
(1.50960736 4.90245484 1)
(1.538060233 4.808658285 1)
(1.584265193 4.722214884 1)
(1.646446609 4.64644661 1)
(1.722214883 4.584265194 1)
(1.808658284 4.538060234 1)
(1.902454839 4.50960736 1)
(2.097545161 4.50960736 1)
(2.191341716 4.538060234 1)
(2.277785116 4.584265193 1)
(2.35355339 4.646446609 1)
(2.415734806 4.722214883 1)
(2.461939766 4.808658283 1)
(2.49039264 4.902454839 1)
(2.49039264 5.09754516 1)
(2.461939767 5.191341715 1)
(2.415734807 5.277785116 1)
(2.353553392 5.35355339 1)
(2.277785117 5.415734806 1)
(2.191341717 5.461939766 1)
(2.097545161 5.49039264 1)
(7.494142718 9.134327819 0)
(6.489324914 0.8518339621 0)
(9.583874755 1.033420731 0)
(10.49632257 9.080592675 0)
(4.5 9.133974596 0)
(14.1795827 4.551856806 0)
(3.401824595 0.7580954437 0)
(2.53695619 9.197348821 0)
(0.7458634639 2.440280064 0)
(11.5 0.8660254038 0)
(14.13860993 6.492181248 0)
(14.23264212 2.465187061 0)
(12.51124779 9.166094783 0)
(0.7809957009 7.565134359 0)
(1.487744161 0.9885532322 0)
(13.53141602 0.8472190357 0)
(14.2226228 8.488375038 0)
(0.7187297254 5.5 0)
(0.731385594 4.733354161 0)
(1.38082649 5.061245309 0)
(1.409575395 4.845002398 0)
(0.7406997274 3.826121196 0)
(0.7265998607 6.346793539 0)
(1.263307753 5.871203517 0)
(1.477020847 5.279570005 0)
(1.630814148 5.461120261 0)
(3.327327308 9.151904433 0)
(3.954779551 8.411671381 0)
(2.976583313 8.366703515 0)
(3.516279283 7.818791182 0)
(2.175886811 8.417360688 0)
(2.547005185 7.725437071 0)
(1.949364766 7.685894924 0)
(2.275747405 7.122135685 0)
(2.824036225 7.182828279 0)
(2.637612986 6.740790803 0)
(3.065998524 6.784266118 0)
(2.886858438 6.429434473 0)
(3.246964045 6.426960707 0)
(3.046903505 6.085377233 0)
(3.46061828 6.109378991 0)
(3.287839288 5.776958115 0)
(3.714662211 5.771150443 0)
(3.913344283 6.171503658 0)
(4.195284243 5.774446998 0)
(3.907274083 5.310766976 0)
(4.483931998 5.320557787 0)
(4.430826559 6.247040464 0)
(4.208194871 4.854636859 0)
(4.794331319 4.832375767 0)
(4.434977771 4.299732658 0)
(5.124089137 4.291443913 0)
(5.449092155 4.866572156 0)
(5.805892444 4.292896665 0)
(6.150366671 4.913326479 0)
(6.538966407 4.283478295 0)
(6.901635428 4.94772964 0)
(7.335427471 4.298770931 0)
(7.713579503 4.99252999 0)
(6.449814896 5.56371745 0)
(8.166472022 4.288139932 0)
(8.580172785 5.042758595 0)
(9.05141184 4.292948772 0)
(9.479919948 5.086056196 0)
(9.962392305 4.302561947 0)
(4.801446622 3.727391454 0)
(4.133954268 3.741449647 0)
(2.447238798 5.37437484 0)
(10.40327872 5.120407386 0)
(8.879649495 5.816953928 0)
(2.520901732 6.343177286 0)
(1.94167335 5.581112387 0)
(2.274578087 5.513699467 0)
(10.89519908 4.32643283 0)
(4.451171823 3.147678955 0)
(3.820402426 3.188351 0)
(3.493197547 3.689161437 0)
(3.224918696 3.193744346 0)
(5.138452643 3.121807055 0)
(7.630671589 3.598837243 0)
(3.766112622 4.886478106 0)
(11.33978901 5.154745605 0)
(10.84081478 5.955764589 0)
(3.025199619 3.684065645 0)
(2.680906445 3.283929823 0)
(10.44281113 3.497013429 0)
(11.39292408 3.518388292 0)
(4.744961764 2.509675924 0)
(2.341884863 3.656449014 0)
(1.822493793 4.418074837 0)
(2.268681647 4.511554396 0)
(2.057092798 4.420327093 0)
(2.924568913 2.672475992 0)
(11.75713988 6.013944006 0)
(11.28025051 6.775717428 0)
(2.937784186 5.742746879 0)
(2.560574265 5.17406047 0)
(3.115699925 5.487106738 0)
(5.532442979 2.436295505 0)
(3.530150688 6.788511408 0)
(2.138135759 3.21478205 0)
(1.889873411 3.645390184 0)
(12.21852031 6.87810934 0)
(10.21796691 6.637965158 0)
(2.660696523 4.130569942 0)
(2.523335585 4.724808788 0)
(5.117579464 1.789299203 0)
(12.38632246 5.289628712 0)
(10.9321272 2.6792902 0)
(11.89787929 2.696988726 0)
(9.9894297 2.677360542 0)
(12.34005831 3.536953723 0)
(2.806192541 5.477928573 0)
(2.967765381 5.24680363 0)
(2.586365036 4.943115298 0)
(2.662046712 5.711033391 0)
(5.873598307 3.089054819 0)
(6.296514 2.403175163 0)
(3.224702005 4.100852912 0)
(11.64639868 7.751533989 0)
(3.657951843 4.169693033 0)
(4.317789081 1.918521098 0)
(12.67148019 7.726854313 0)
(2.740675378 5.941722631 0)
(2.504408625 5.888876333 0)
(1.621919799 3.207342796 0)
(1.894453854 2.821874548 0)
(3.269344079 5.215448588 0)
(3.078906224 4.996182748 0)
(2.125560054 4.00698452 0)
(1.712512464 4.0205282 0)
(1.626080046 4.557026718 0)
(10.46310848 1.837883022 0)
(2.413123176 5.701839436 0)
(2.325357115 5.871732923 0)
(2.347574203 6.040499272 0)
(2.135924771 5.950899895 0)
(2.195363321 6.263193688 0)
(1.904489639 6.131803839 0)
(1.937430428 6.438046235 0)
(1.614861966 6.371339053 0)
(1.746702768 6.810738766 0)
(1.354422018 8.184541496 0)
(1.883029806 5.847140598 0)
(2.072333236 5.779193268 0)
(4.641436734 1.151670951 0)
(4.0500456 6.694921541 0)
(4.687642123 6.777999062 0)
(5.009908774 6.318405369 0)
(5.310504785 6.889030701 0)
(4.963380428 7.340317442 0)
(5.636381234 7.479986582 0)
(6.060042219 6.824414158 0)
(6.380027234 7.595201115 0)
(6.876209369 6.950223518 0)
(5.821796893 8.281548921 0)
(7.187936387 7.691886007 0)
(7.665062073 7.053551661 0)
(8.029232494 7.81457344 0)
(8.540216472 7.129175004 0)
(8.908567758 7.948519409 0)
(7.444451101 6.351411882 0)
(3.819422104 7.255414088 0)
(6.819568593 3.097003897 0)
(7.161179549 2.314533051 0)
(12.81869316 2.744359926 0)
(12.40101617 1.858913094 0)
(2.168704728 5.559558572 0)
(2.560985157 5.527146796 0)
(5.45450341 9.154395518 0)
(2.64113526 5.371640757 0)
(2.367565536 5.44968196 0)
(2.528238621 5.292049092 0)
(2.815357752 5.029605568 0)
(2.871247221 4.781675692 0)
(3.193241787 4.704192275 0)
(2.99332253 4.461336688 0)
(1.368413111 3.65202351 0)
(2.585571942 5.060700423 0)
(2.266308 5.625248797 0)
(2.054362326 5.580721764 0)
(1.829389596 5.559863344 0)
(6.408095282 9.150295903 0)
(5.559252884 0.8995151805 0)
(13.18113197 3.556914528 0)
(2.752952068 4.573869824 0)
(2.468605235 0.8478996277 0)
(2.970496912 1.588262345 0)
(2.047146107 1.628749812 0)
(2.56579338 4.828957459 0)
(2.456389467 4.628093683 0)
(1.948024519 4.402462383 0)
(2.040271549 4.278031424 0)
(1.864560522 4.259654832 0)
(1.684510929 4.314257207 0)
(1.274723068 4.100026285 0)
(2.184643664 4.331995651 0)
(2.365393649 4.550745114 0)
(2.465224689 4.483223522 0)
(2.678431613 5.138762265 0)
(0.9708850266 3.144638118 0)
(0.7277805875 1.546175038 0)
(0.9270680512 5.076836302 0)
(5.090808111 8.527141107 0)
(1.535812174 4.615040406 0)
(1.526105487 4.457157659 0)
(1.356876576 4.576664165 0)
(1.208285336 4.778096844 0)
(1.713224444 4.469682475 0)
(8.287639482 8.584572091 0)
(9.056577949 8.884631077 0)
(9.889093484 8.217337594 0)
(7.476707351 0.8400874294 0)
(8.507198814 0.8898699587 0)
(8.92404616 1.825554765 0)
(7.895429954 1.82087533 0)
(8.514027415 2.549975601 0)
(1.438812485 4.724279497 0)
(10.85809573 8.281316553 0)
(2.685708301 4.869641184 0)
(11.53016287 8.948511141 0)
(2.749528943 4.343318446 0)
(12.53401211 0.8766668075 0)
(14.14338122 5.508927185 0)
(13.29442491 5.899629199 0)
(13.35546193 4.983829673 0)
(14.1898696 7.488914772 0)
(2.581348053 6.077429793 0)
(1.604204468 9.194137074 0)
(9.811806655 5.867777657 0)
(10.54233568 0.8723037509 0)
(5.749402406 5.454721044 0)
(7.992932055 5.718539631 0)
(9.547841714 3.517164925 0)
(11.42883733 1.85462045 0)
(11.83246996 4.353139748 0)
(13.32753524 1.885654758 0)
(9.532830981 7.289121942 0)
(6.00257482 6.117715278 0)
(8.556634718 3.398675151 0)
(5.087367046 5.350103685 0)
(6.021268035 1.642489551 0)
(13.21788965 6.947181815 0)
(13.48866894 9.063055656 0)
(3.417599201 4.914129435 0)
(5.484917003 3.707782466 0)
(2.654542977 4.731546112 0)
(6.765508984 8.361264833 0)
(3.507806016 5.458270023 0)
(6.926314399 1.566504493 0)
(3.305780024 4.419164498 0)
(2.264170821 6.623959635 0)
(2.517938525 2.126704536 0)
(14.22760955 1.487332819 0)
(1.019103097 4.44970718 0)
(1.202395374 6.666755202 0)
(3.340875446 7.216900364 0)
(4.106931981 7.767633958 0)
(4.067679436 2.556670056 0)
(3.586624039 2.048557812 0)
(14.0820093 3.540381086 0)
(4.756163325 5.806269629 0)
(1.86911014 5.669724235 0)
(1.710720412 5.68003818 0)
(1.597948524 5.950447696 0)
(1.452097693 5.688050016 0)
(1.148809356 5.606489285 0)
(1.166198833 5.296597297 0)
(12.71636582 4.347696453 0)
(0.8015913334 9.00095561 0)
(7.761666452 2.786064892 0)
(6.242986044 3.700310149 0)
(1.317136172 4.942856728 0)
(7.196188693 5.631944186 0)
(2.392539712 5.548382461 0)
(0.5061079038 5.096610028 0)
(1.387063397 1.920033227 0)
(4.369671541 7.262048312 0)
(2.189163684 4.459108173 0)
(2.360590634 4.30579235 0)
(2.546679587 4.314745443 0)
(2.393381623 4.052019479 0)
(3.4613953 2.654805488 0)
(3.930898592 4.503985915 0)
(1.370060421 5.475555619 0)
(0.601120345 4.26097132 0)
(2.91856935 4.096832225 0)
(7.552892013 8.317324838 0)
(12.25906171 8.422392646 0)
(3.04095589 7.662132082 0)
(1.498944837 4.252404703 0)
(6.913524021 3.795680103 0)
(2.778116945 5.272678116 0)
(3.831574744 1.396212741 0)
(8.230784916 6.462045213 0)
(13.48284376 8.000001576 0)
(0.7733918251 6.964807194 0)
(2.398367648 2.770806673 0)
(2.793180327 6.172873442 0)
(6.67154685 6.239904412 0)
(1.418909966 7.321620357 0)
(10.62976149 7.466359763 0)
(9.158495192 6.549748064 0)
(1.98526034 5.688615065 0)
(4.571402635 8.239484392 0)
(0.6431049498 0.7069456541 0)
(1.430936258 2.618091472 0)
(1.335783277 5.228699928 0)
(9.219818081 2.736317693 0)
(2.582393566 4.613687831 0)
(0.8487421402 5.93351964 0)
(2.670286929 5.008364947 0)
(0.5874018105 8.350126293 0)
(9.656247813 2.001398117 0)
(1.982216206 4.100161736 0)
(14.26794919 9.267949192 0)
(8.36767203 9.320706197 0)
(14.27406394 0.7259360564 0)
(3.587637692 5.157746196 0)
(12.56189355 6.188236797 0)
(1.522012804 5.409797374 0)
(5.360489326 5.906913885 0)
(4.153767342 0.6661278856 0)
(2.46358429 5.460307125 0)
(4.057554483 4.135195063 0)
(12.88266048 8.475679795 0)
(2.135117875 5.663506896 0)
(3.640224579 6.438255261 0)
(1.71321944 5.529826541 0)
(1.569222728 5.553924193 0)
(2.61935577 4.465769013 0)
(1.417885722 4.947737558 0)
(1.221725427 6.232436743 0)
(1.960716388 3.910512608 0)
(2.632772444 5.250796151 0)
(1.335150613 4.367191998 0)
(1.443051695 5.171148328 0)
(5.160473068 7.907117966 0)
(13.50291034 4.196135709 0)
(9.741858178 9.270430651 0)
(3.033344102 2.141377426 0)
(5.55522481 6.398700723 0)
(1.945984298 2.314376711 0)
(3.5826144 4.543659587 0)
(1.182966318 5.088637276 0)
(3.508918471 8.42280492 0)
(2.670106404 3.817311021 0)
(2.528236425 5.405103722 0)
(2.314205125 4.441174945 0)
(13.55493288 2.907237382 0)
(2.162115347 3.834590316 0)
(2.181110622 4.179164193 0)
(1.847681226 7.235097433 0)
(2.224579839 5.75524288 0)
(4.634371931 7.703320414 0)
(3.923997709 9.001178849 0)
(7.494142718 9.134327819 1)
(6.489324914 0.8518339621 1)
(9.583874755 1.033420731 1)
(10.49632257 9.080592675 1)
(4.5 9.133974596 1)
(14.1795827 4.551856806 1)
(3.401824595 0.7580954437 1)
(2.53695619 9.197348821 1)
(0.7458634639 2.440280064 1)
(11.5 0.8660254038 1)
(14.13860993 6.492181248 1)
(14.23264212 2.465187061 1)
(12.51124779 9.166094783 1)
(0.7809957009 7.565134359 1)
(1.487744161 0.9885532322 1)
(13.53141602 0.8472190357 1)
(14.2226228 8.488375038 1)
(0.7187297254 5.5 1)
(0.731385594 4.733354161 1)
(1.38082649 5.061245309 1)
(1.409575395 4.845002398 1)
(0.7406997274 3.826121196 1)
(0.7265998607 6.346793539 1)
(1.263307753 5.871203517 1)
(1.477020847 5.279570005 1)
(1.630814148 5.461120261 1)
(3.327327308 9.151904433 1)
(3.954779551 8.411671381 1)
(2.976583313 8.366703515 1)
(3.516279283 7.818791182 1)
(2.175886811 8.417360688 1)
(2.547005185 7.725437071 1)
(1.949364766 7.685894924 1)
(2.275747405 7.122135685 1)
(2.824036225 7.182828279 1)
(2.637612986 6.740790803 1)
(3.065998524 6.784266118 1)
(2.886858438 6.429434473 1)
(3.246964045 6.426960707 1)
(3.046903505 6.085377233 1)
(3.46061828 6.109378991 1)
(3.287839288 5.776958115 1)
(3.714662211 5.771150443 1)
(3.913344283 6.171503658 1)
(4.195284243 5.774446998 1)
(3.907274083 5.310766976 1)
(4.483931998 5.320557787 1)
(4.430826559 6.247040464 1)
(4.208194871 4.854636859 1)
(4.794331319 4.832375767 1)
(4.434977771 4.299732658 1)
(5.124089137 4.291443913 1)
(5.449092155 4.866572156 1)
(5.805892444 4.292896665 1)
(6.150366671 4.913326479 1)
(6.538966407 4.283478295 1)
(6.901635428 4.94772964 1)
(7.335427471 4.298770931 1)
(7.713579503 4.99252999 1)
(6.449814896 5.56371745 1)
(8.166472022 4.288139932 1)
(8.580172785 5.042758595 1)
(9.05141184 4.292948772 1)
(9.479919948 5.086056196 1)
(9.962392305 4.302561947 1)
(4.801446622 3.727391454 1)
(4.133954268 3.741449647 1)
(2.447238798 5.37437484 1)
(10.40327872 5.120407386 1)
(8.879649495 5.816953928 1)
(2.520901732 6.343177286 1)
(1.94167335 5.581112387 1)
(2.274578087 5.513699467 1)
(10.89519908 4.32643283 1)
(4.451171823 3.147678955 1)
(3.820402426 3.188351 1)
(3.493197547 3.689161437 1)
(3.224918696 3.193744346 1)
(5.138452643 3.121807055 1)
(7.630671589 3.598837243 1)
(3.766112622 4.886478106 1)
(11.33978901 5.154745605 1)
(10.84081478 5.955764589 1)
(3.025199619 3.684065645 1)
(2.680906445 3.283929823 1)
(10.44281113 3.497013429 1)
(11.39292408 3.518388292 1)
(4.744961764 2.509675924 1)
(2.341884863 3.656449014 1)
(1.822493793 4.418074837 1)
(2.268681647 4.511554396 1)
(2.057092798 4.420327093 1)
(2.924568913 2.672475992 1)
(11.75713988 6.013944006 1)
(11.28025051 6.775717428 1)
(2.937784186 5.742746879 1)
(2.560574265 5.17406047 1)
(3.115699925 5.487106738 1)
(5.532442979 2.436295505 1)
(3.530150688 6.788511408 1)
(2.138135759 3.21478205 1)
(1.889873411 3.645390184 1)
(12.21852031 6.87810934 1)
(10.21796691 6.637965158 1)
(2.660696523 4.130569942 1)
(2.523335585 4.724808788 1)
(5.117579464 1.789299203 1)
(12.38632246 5.289628712 1)
(10.9321272 2.6792902 1)
(11.89787929 2.696988726 1)
(9.9894297 2.677360542 1)
(12.34005831 3.536953723 1)
(2.806192541 5.477928573 1)
(2.967765381 5.24680363 1)
(2.586365036 4.943115298 1)
(2.662046712 5.711033391 1)
(5.873598307 3.089054819 1)
(6.296514 2.403175163 1)
(3.224702005 4.100852912 1)
(11.64639868 7.751533989 1)
(3.657951843 4.169693033 1)
(4.317789081 1.918521098 1)
(12.67148019 7.726854313 1)
(2.740675378 5.941722631 1)
(2.504408625 5.888876333 1)
(1.621919799 3.207342796 1)
(1.894453854 2.821874548 1)
(3.269344079 5.215448588 1)
(3.078906224 4.996182748 1)
(2.125560054 4.00698452 1)
(1.712512464 4.0205282 1)
(1.626080046 4.557026718 1)
(10.46310848 1.837883022 1)
(2.413123176 5.701839436 1)
(2.325357115 5.871732923 1)
(2.347574203 6.040499272 1)
(2.135924771 5.950899895 1)
(2.195363321 6.263193688 1)
(1.904489639 6.131803839 1)
(1.937430428 6.438046235 1)
(1.614861966 6.371339053 1)
(1.746702768 6.810738766 1)
(1.354422018 8.184541496 1)
(1.883029806 5.847140598 1)
(2.072333236 5.779193268 1)
(4.641436734 1.151670951 1)
(4.0500456 6.694921541 1)
(4.687642123 6.777999062 1)
(5.009908774 6.318405369 1)
(5.310504785 6.889030701 1)
(4.963380428 7.340317442 1)
(5.636381234 7.479986582 1)
(6.060042219 6.824414158 1)
(6.380027234 7.595201115 1)
(6.876209369 6.950223518 1)
(5.821796893 8.281548921 1)
(7.187936387 7.691886007 1)
(7.665062073 7.053551661 1)
(8.029232494 7.81457344 1)
(8.540216472 7.129175004 1)
(8.908567758 7.948519409 1)
(7.444451101 6.351411882 1)
(3.819422104 7.255414088 1)
(6.819568593 3.097003897 1)
(7.161179549 2.314533051 1)
(12.81869316 2.744359926 1)
(12.40101617 1.858913094 1)
(2.168704728 5.559558572 1)
(2.560985157 5.527146796 1)
(5.45450341 9.154395518 1)
(2.64113526 5.371640757 1)
(2.367565536 5.44968196 1)
(2.528238621 5.292049092 1)
(2.815357752 5.029605568 1)
(2.871247221 4.781675692 1)
(3.193241787 4.704192275 1)
(2.99332253 4.461336688 1)
(1.368413111 3.65202351 1)
(2.585571942 5.060700423 1)
(2.266308 5.625248797 1)
(2.054362326 5.580721764 1)
(1.829389596 5.559863344 1)
(6.408095282 9.150295903 1)
(5.559252884 0.8995151805 1)
(13.18113197 3.556914528 1)
(2.752952068 4.573869824 1)
(2.468605235 0.8478996277 1)
(2.970496912 1.588262345 1)
(2.047146107 1.628749812 1)
(2.56579338 4.828957459 1)
(2.456389467 4.628093683 1)
(1.948024519 4.402462383 1)
(2.040271549 4.278031424 1)
(1.864560522 4.259654832 1)
(1.684510929 4.314257207 1)
(1.274723068 4.100026285 1)
(2.184643664 4.331995651 1)
(2.365393649 4.550745114 1)
(2.465224689 4.483223522 1)
(2.678431613 5.138762265 1)
(0.9708850266 3.144638118 1)
(0.7277805875 1.546175038 1)
(0.9270680512 5.076836302 1)
(5.090808111 8.527141107 1)
(1.535812174 4.615040406 1)
(1.526105487 4.457157659 1)
(1.356876576 4.576664165 1)
(1.208285336 4.778096844 1)
(1.713224444 4.469682475 1)
(8.287639482 8.584572091 1)
(9.056577949 8.884631077 1)
(9.889093484 8.217337594 1)
(7.476707351 0.8400874294 1)
(8.507198814 0.8898699587 1)
(8.92404616 1.825554765 1)
(7.895429954 1.82087533 1)
(8.514027415 2.549975601 1)
(1.438812485 4.724279497 1)
(10.85809573 8.281316553 1)
(2.685708301 4.869641184 1)
(11.53016287 8.948511141 1)
(2.749528943 4.343318446 1)
(12.53401211 0.8766668075 1)
(14.14338122 5.508927185 1)
(13.29442491 5.899629199 1)
(13.35546193 4.983829673 1)
(14.1898696 7.488914772 1)
(2.581348053 6.077429793 1)
(1.604204468 9.194137074 1)
(9.811806655 5.867777657 1)
(10.54233568 0.8723037509 1)
(5.749402406 5.454721044 1)
(7.992932055 5.718539631 1)
(9.547841714 3.517164925 1)
(11.42883733 1.85462045 1)
(11.83246996 4.353139748 1)
(13.32753524 1.885654758 1)
(9.532830981 7.289121942 1)
(6.00257482 6.117715278 1)
(8.556634718 3.398675151 1)
(5.087367046 5.350103685 1)
(6.021268035 1.642489551 1)
(13.21788965 6.947181815 1)
(13.48866894 9.063055656 1)
(3.417599201 4.914129435 1)
(5.484917003 3.707782466 1)
(2.654542977 4.731546112 1)
(6.765508984 8.361264833 1)
(3.507806016 5.458270023 1)
(6.926314399 1.566504493 1)
(3.305780024 4.419164498 1)
(2.264170821 6.623959635 1)
(2.517938525 2.126704536 1)
(14.22760955 1.487332819 1)
(1.019103097 4.44970718 1)
(1.202395374 6.666755202 1)
(3.340875446 7.216900364 1)
(4.106931981 7.767633958 1)
(4.067679436 2.556670056 1)
(3.586624039 2.048557812 1)
(14.0820093 3.540381086 1)
(4.756163325 5.806269629 1)
(1.86911014 5.669724235 1)
(1.710720412 5.68003818 1)
(1.597948524 5.950447696 1)
(1.452097693 5.688050016 1)
(1.148809356 5.606489285 1)
(1.166198833 5.296597297 1)
(12.71636582 4.347696453 1)
(0.8015913334 9.00095561 1)
(7.761666452 2.786064892 1)
(6.242986044 3.700310149 1)
(1.317136172 4.942856728 1)
(7.196188693 5.631944186 1)
(2.392539712 5.548382461 1)
(0.5061079038 5.096610028 1)
(1.387063397 1.920033227 1)
(4.369671541 7.262048312 1)
(2.189163684 4.459108173 1)
(2.360590634 4.30579235 1)
(2.546679587 4.314745443 1)
(2.393381623 4.052019479 1)
(3.4613953 2.654805488 1)
(3.930898592 4.503985915 1)
(1.370060421 5.475555619 1)
(0.601120345 4.26097132 1)
(2.91856935 4.096832225 1)
(7.552892013 8.317324838 1)
(12.25906171 8.422392646 1)
(3.04095589 7.662132082 1)
(1.498944837 4.252404703 1)
(6.913524021 3.795680103 1)
(2.778116945 5.272678116 1)
(3.831574744 1.396212741 1)
(8.230784916 6.462045213 1)
(13.48284376 8.000001576 1)
(0.7733918251 6.964807194 1)
(2.398367648 2.770806673 1)
(2.793180327 6.172873442 1)
(6.67154685 6.239904412 1)
(1.418909966 7.321620357 1)
(10.62976149 7.466359763 1)
(9.158495192 6.549748064 1)
(1.98526034 5.688615065 1)
(4.571402635 8.239484392 1)
(0.6431049498 0.7069456541 1)
(1.430936258 2.618091472 1)
(1.335783277 5.228699928 1)
(9.219818081 2.736317693 1)
(2.582393566 4.613687831 1)
(0.8487421402 5.93351964 1)
(2.670286929 5.008364947 1)
(0.5874018105 8.350126293 1)
(9.656247813 2.001398117 1)
(1.982216206 4.100161736 1)
(14.26794919 9.267949192 1)
(8.36767203 9.320706197 1)
(14.27406394 0.7259360564 1)
(3.587637692 5.157746196 1)
(12.56189355 6.188236797 1)
(1.522012804 5.409797374 1)
(5.360489326 5.906913885 1)
(4.153767342 0.6661278856 1)
(2.46358429 5.460307125 1)
(4.057554483 4.135195063 1)
(12.88266048 8.475679795 1)
(2.135117875 5.663506896 1)
(3.640224579 6.438255261 1)
(1.71321944 5.529826541 1)
(1.569222728 5.553924193 1)
(2.61935577 4.465769013 1)
(1.417885722 4.947737558 1)
(1.221725427 6.232436743 1)
(1.960716388 3.910512608 1)
(2.632772444 5.250796151 1)
(1.335150613 4.367191998 1)
(1.443051695 5.171148328 1)
(5.160473068 7.907117966 1)
(13.50291034 4.196135709 1)
(9.741858178 9.270430651 1)
(3.033344102 2.141377426 1)
(5.55522481 6.398700723 1)
(1.945984298 2.314376711 1)
(3.5826144 4.543659587 1)
(1.182966318 5.088637276 1)
(3.508918471 8.42280492 1)
(2.670106404 3.817311021 1)
(2.528236425 5.405103722 1)
(2.314205125 4.441174945 1)
(13.55493288 2.907237382 1)
(2.162115347 3.834590316 1)
(2.181110622 4.179164193 1)
(1.847681226 7.235097433 1)
(2.224579839 5.75524288 1)
(4.634371931 7.703320414 1)
(3.923997709 9.001178849 1)
)


// ************************************************************************* //
